,Unnamed: 0,date,weekday,day,month,year,dataType,dcoilwtico,type,locale,locale_name,description,transferred,store_nbr,transactions,city,state,citytype,cluster,holidayAtStoreState,holidayAtStoreCity,index,transactionPredictions
1718,1718,2017-08-16,2,16,8,2017,val,46.8,6,3,24,102,2,1.0,0.0,18,12,3,13,0,0,1718,1806.6296396595062
1719,1719,2017-08-17,3,17,8,2017,val,47.07,6,3,24,102,2,1.0,0.0,18,12,3,13,0,0,1719,1747.7541499410963
1720,1720,2017-08-18,4,18,8,2017,val,48.59,6,3,24,102,2,1.0,0.0,18,12,3,13,0,0,1720,1799.033524807126
1721,1721,2017-08-19,5,19,8,2017,val,48.190000000000005,6,3,24,102,2,1.0,0.0,18,12,3,13,0,0,1721,1353.679197595856
1722,1722,2017-08-20,6,20,8,2017,val,47.79,6,3,24,102,2,1.0,0.0,18,12,3,13,0,0,1722,521.5565103948617
1723,1723,2017-08-21,0,21,8,2017,val,47.39,6,3,24,102,2,1.0,0.0,18,12,3,13,0,0,1723,1762.4137859398131
1724,1724,2017-08-22,1,22,8,2017,val,47.65,6,3,24,102,2,1.0,0.0,18,12,3,13,0,0,1724,1762.4137859398131
1725,1725,2017-08-23,2,23,8,2017,val,48.45,6,3,24,102,2,1.0,0.0,18,12,3,13,0,0,1725,1794.8856387091614
1726,1726,2017-08-24,3,24,8,2017,val,47.24,3,0,0,17,0,1.0,0.0,18,12,3,13,0,0,1726,1785.4535161632223
1727,1727,2017-08-25,4,25,8,2017,val,47.65,6,3,24,102,2,1.0,0.0,18,12,3,13,0,0,1727,1799.033524807126
1728,1728,2017-08-26,5,26,8,2017,val,47.23333333333333,6,3,24,102,2,1.0,0.0,18,12,3,13,0,0,1728,1308.784590275316
1729,1729,2017-08-27,6,27,8,2017,val,46.81666666666666,6,3,24,102,2,1.0,0.0,18,12,3,13,0,0,1729,521.5565103948617
1730,1730,2017-08-28,0,28,8,2017,val,46.4,6,3,24,102,2,1.0,0.0,18,12,3,13,0,0,1730,1762.4137859398131
1731,1731,2017-08-29,1,29,8,2017,val,46.46,6,3,24,102,2,1.0,0.0,18,12,3,13,0,0,1731,1762.4137859398131
1732,1732,2017-08-30,2,30,8,2017,val,45.96,6,3,24,102,2,1.0,0.0,18,12,3,13,0,0,1732,1794.8856387091614
1733,1733,2017-08-31,3,31,8,2017,val,47.26,6,3,24,102,2,1.0,0.0,18,12,3,13,0,0,1733,1747.7541499410963
3452,1718,2017-08-16,2,16,8,2017,val,46.8,6,3,24,102,2,2.0,0.0,18,12,3,13,0,0,1718,1893.1070586180217
3453,1719,2017-08-17,3,17,8,2017,val,47.07,6,3,24,102,2,2.0,0.0,18,12,3,13,0,0,1719,1852.392362376358
3454,1720,2017-08-18,4,18,8,2017,val,48.59,6,3,24,102,2,2.0,0.0,18,12,3,13,0,0,1720,1934.4956116297192
3455,1721,2017-08-19,5,19,8,2017,val,48.190000000000005,6,3,24,102,2,2.0,0.0,18,12,3,13,0,0,1721,2172.234762407346
3456,1722,2017-08-20,6,20,8,2017,val,47.79,6,3,24,102,2,2.0,0.0,18,12,3,13,0,0,1722,1895.6840781483054
3457,1723,2017-08-21,0,21,8,2017,val,47.39,6,3,24,102,2,2.0,0.0,18,12,3,13,0,0,1723,1869.3980729581253
3458,1724,2017-08-22,1,22,8,2017,val,47.65,6,3,24,102,2,2.0,0.0,18,12,3,13,0,0,1724,1869.3980729581253
3459,1725,2017-08-23,2,23,8,2017,val,48.45,6,3,24,102,2,2.0,0.0,18,12,3,13,0,0,1725,1893.1070586180217
3460,1726,2017-08-24,3,24,8,2017,val,47.24,3,0,0,17,0,2.0,0.0,18,12,3,13,0,0,1726,1832.6782134893479
3461,1727,2017-08-25,4,25,8,2017,val,47.65,6,3,24,102,2,2.0,0.0,18,12,3,13,0,0,1727,1896.929421153529
3462,1728,2017-08-26,5,26,8,2017,val,47.23333333333333,6,3,24,102,2,2.0,0.0,18,12,3,13,0,0,1728,2149.0185607234575
3463,1729,2017-08-27,6,27,8,2017,val,46.81666666666666,6,3,24,102,2,2.0,0.0,18,12,3,13,0,0,1729,1880.4862660772535
3464,1730,2017-08-28,0,28,8,2017,val,46.4,6,3,24,102,2,2.0,0.0,18,12,3,13,0,0,1730,1831.8318824819348
3465,1731,2017-08-29,1,29,8,2017,val,46.46,6,3,24,102,2,2.0,0.0,18,12,3,13,0,0,1731,1846.874739624792
3466,1732,2017-08-30,2,30,8,2017,val,45.96,6,3,24,102,2,2.0,0.0,18,12,3,13,0,0,1732,1870.5837252846882
3467,1733,2017-08-31,3,31,8,2017,val,47.26,6,3,24,102,2,2.0,0.0,18,12,3,13,0,0,1733,1829.8690290430247
5186,1718,2017-08-16,2,16,8,2017,val,46.8,6,3,24,102,2,3.0,0.0,18,12,3,8,0,0,1718,3073.0442842335356
5187,1719,2017-08-17,3,17,8,2017,val,47.07,6,3,24,102,2,3.0,0.0,18,12,3,8,0,0,1719,2831.07564296523
5188,1720,2017-08-18,4,18,8,2017,val,48.59,6,3,24,102,2,3.0,0.0,18,12,3,8,0,0,1720,3306.360458741471
5189,1721,2017-08-19,5,19,8,2017,val,48.190000000000005,6,3,24,102,2,3.0,0.0,18,12,3,8,0,0,1721,3716.0875
5190,1722,2017-08-20,6,20,8,2017,val,47.79,6,3,24,102,2,3.0,0.0,18,12,3,8,0,0,1722,3600.9925000000003
5191,1723,2017-08-21,0,21,8,2017,val,47.39,6,3,24,102,2,3.0,0.0,18,12,3,8,0,0,1723,2971.583981825077
5192,1724,2017-08-22,1,22,8,2017,val,47.65,6,3,24,102,2,3.0,0.0,18,12,3,8,0,0,1724,2831.3911052055764
5193,1725,2017-08-23,2,23,8,2017,val,48.45,6,3,24,102,2,3.0,0.0,18,12,3,8,0,0,1725,3073.0442842335356
5194,1726,2017-08-24,3,24,8,2017,val,47.24,3,0,0,17,0,3.0,0.0,18,12,3,8,0,0,1726,2809.786104587237
5195,1727,2017-08-25,4,25,8,2017,val,47.65,6,3,24,102,2,3.0,0.0,18,12,3,8,0,0,1727,3168.765338827839
5196,1728,2017-08-26,5,26,8,2017,val,47.23333333333333,6,3,24,102,2,3.0,0.0,18,12,3,8,0,0,1728,3729.679807692308
5197,1729,2017-08-27,6,27,8,2017,val,46.81666666666666,6,3,24,102,2,3.0,0.0,18,12,3,8,0,0,1729,3614.584807692308
5198,1730,2017-08-28,0,28,8,2017,val,46.4,6,3,24,102,2,3.0,0.0,18,12,3,8,0,0,1730,2920.5254532965478
5199,1731,2017-08-29,1,29,8,2017,val,46.46,6,3,24,102,2,3.0,0.0,18,12,3,8,0,0,1731,2768.026298442291
5200,1732,2017-08-30,2,30,8,2017,val,45.96,6,3,24,102,2,3.0,0.0,18,12,3,8,0,0,1732,2915.488924062049
5201,1733,2017-08-31,3,31,8,2017,val,47.26,6,3,24,102,2,3.0,0.0,18,12,3,8,0,0,1733,2793.622771253903
6920,1718,2017-08-16,2,16,8,2017,val,46.8,6,3,24,102,2,4.0,0.0,18,12,3,9,0,0,1718,1471.2405893145237
6921,1719,2017-08-17,3,17,8,2017,val,47.07,6,3,24,102,2,4.0,0.0,18,12,3,9,0,0,1719,1373.1907261082497
6922,1720,2017-08-18,4,18,8,2017,val,48.59,6,3,24,102,2,4.0,0.0,18,12,3,9,0,0,1720,1468.168312046909
6923,1721,2017-08-19,5,19,8,2017,val,48.190000000000005,6,3,24,102,2,4.0,0.0,18,12,3,9,0,0,1721,1704.1310123886954
6924,1722,2017-08-20,6,20,8,2017,val,47.79,6,3,24,102,2,4.0,0.0,18,12,3,9,0,0,1722,1676.824221984655
6925,1723,2017-08-21,0,21,8,2017,val,47.39,6,3,24,102,2,4.0,0.0,18,12,3,9,0,0,1723,1378.2881712613976
6926,1724,2017-08-22,1,22,8,2017,val,47.65,6,3,24,102,2,4.0,0.0,18,12,3,9,0,0,1724,1378.2881712613976
6927,1725,2017-08-23,2,23,8,2017,val,48.45,6,3,24,102,2,4.0,0.0,18,12,3,9,0,0,1725,1478.0967117635034
6928,1726,2017-08-24,3,24,8,2017,val,47.24,3,0,0,17,0,4.0,0.0,18,12,3,9,0,0,1726,1375.7873475510114
6929,1727,2017-08-25,4,25,8,2017,val,47.65,6,3,24,102,2,4.0,0.0,18,12,3,9,0,0,1727,1466.7841741158743
6930,1728,2017-08-26,5,26,8,2017,val,47.23333333333333,6,3,24,102,2,4.0,0.0,18,12,3,9,0,0,1728,1678.6489592485984
6931,1729,2017-08-27,6,27,8,2017,val,46.81666666666666,6,3,24,102,2,4.0,0.0,18,12,3,9,0,0,1729,1670.5264442068772
6932,1730,2017-08-28,0,28,8,2017,val,46.4,6,3,24,102,2,4.0,0.0,18,12,3,9,0,0,1730,1344.8381712613977
6933,1731,2017-08-29,1,29,8,2017,val,46.46,6,3,24,102,2,4.0,0.0,18,12,3,9,0,0,1731,1344.8381712613977
6934,1732,2017-08-30,2,30,8,2017,val,45.96,6,3,24,102,2,4.0,0.0,18,12,3,9,0,0,1732,1464.626700425635
6935,1733,2017-08-31,3,31,8,2017,val,47.26,6,3,24,102,2,4.0,0.0,18,12,3,9,0,0,1733,1373.1907261082497
8654,1718,2017-08-16,2,16,8,2017,val,46.8,6,3,24,102,2,5.0,0.0,21,14,3,4,0,0,1718,1266.9198058426953
8655,1719,2017-08-17,3,17,8,2017,val,47.07,6,3,24,102,2,5.0,0.0,21,14,3,4,0,0,1719,1250.4759699710921
8656,1720,2017-08-18,4,18,8,2017,val,48.59,6,3,24,102,2,5.0,0.0,21,14,3,4,0,0,1720,1296.9798331068575
8657,1721,2017-08-19,5,19,8,2017,val,48.190000000000005,6,3,24,102,2,5.0,0.0,21,14,3,4,0,0,1721,1296.9798331068575
8658,1722,2017-08-20,6,20,8,2017,val,47.79,6,3,24,102,2,5.0,0.0,21,14,3,4,0,0,1722,1307.259013113703
8659,1723,2017-08-21,0,21,8,2017,val,47.39,6,3,24,102,2,5.0,0.0,21,14,3,4,0,0,1723,1263.4679737542135
8660,1724,2017-08-22,1,22,8,2017,val,47.65,6,3,24,102,2,5.0,0.0,21,14,3,4,0,0,1724,1237.2597040977114
8661,1725,2017-08-23,2,23,8,2017,val,48.45,6,3,24,102,2,5.0,0.0,21,14,3,4,0,0,1725,1237.2597040977114
8662,1726,2017-08-24,3,24,8,2017,val,47.24,3,0,0,17,0,5.0,0.0,21,14,3,4,0,0,1726,1218.8992775771103
8663,1727,2017-08-25,4,25,8,2017,val,47.65,6,3,24,102,2,5.0,0.0,21,14,3,4,0,0,1727,1274.4983712756648
8664,1728,2017-08-26,5,26,8,2017,val,47.23333333333333,6,3,24,102,2,5.0,0.0,21,14,3,4,0,0,1728,1274.4983712756648
8665,1729,2017-08-27,6,27,8,2017,val,46.81666666666666,6,3,24,102,2,5.0,0.0,21,14,3,4,0,0,1729,1274.2049201478455
8666,1730,2017-08-28,0,28,8,2017,val,46.4,6,3,24,102,2,5.0,0.0,21,14,3,4,0,0,1730,1232.3268336514814
8667,1731,2017-08-29,1,29,8,2017,val,46.46,6,3,24,102,2,5.0,0.0,21,14,3,4,0,0,1731,1200.498667663241
8668,1732,2017-08-30,2,30,8,2017,val,45.96,6,3,24,102,2,5.0,0.0,21,14,3,4,0,0,1732,1262.5173348169826
8669,1733,2017-08-31,3,31,8,2017,val,47.26,6,3,24,102,2,5.0,0.0,21,14,3,4,0,0,1733,1268.3348707572618
10388,1718,2017-08-16,2,16,8,2017,val,46.8,6,3,24,102,2,6.0,0.0,18,12,3,13,0,0,1718,1656.8704203035609
10389,1719,2017-08-17,3,17,8,2017,val,47.07,6,3,24,102,2,6.0,0.0,18,12,3,13,0,0,1719,1646.3709311403886
10390,1720,2017-08-18,4,18,8,2017,val,48.59,6,3,24,102,2,6.0,0.0,18,12,3,13,0,0,1720,1682.0420651621698
10391,1721,2017-08-19,5,19,8,2017,val,48.190000000000005,6,3,24,102,2,6.0,0.0,18,12,3,13,0,0,1721,2144.3811346803845
10392,1722,2017-08-20,6,20,8,2017,val,47.79,6,3,24,102,2,6.0,0.0,18,12,3,13,0,0,1722,2096.82996507209
10393,1723,2017-08-21,0,21,8,2017,val,47.39,6,3,24,102,2,6.0,0.0,18,12,3,13,0,0,1723,1656.8704203035609
10394,1724,2017-08-22,1,22,8,2017,val,47.65,6,3,24,102,2,6.0,0.0,18,12,3,13,0,0,1724,1656.8704203035609
10395,1725,2017-08-23,2,23,8,2017,val,48.45,6,3,24,102,2,6.0,0.0,18,12,3,13,0,0,1725,1656.8704203035609
10396,1726,2017-08-24,3,24,8,2017,val,47.24,3,0,0,17,0,6.0,0.0,18,12,3,13,0,0,1726,1679.9440222857622
10397,1727,2017-08-25,4,25,8,2017,val,47.65,6,3,24,102,2,6.0,0.0,18,12,3,13,0,0,1727,1682.0420651621698
10398,1728,2017-08-26,5,26,8,2017,val,47.23333333333333,6,3,24,102,2,6.0,0.0,18,12,3,13,0,0,1728,2144.3811346803845
10399,1729,2017-08-27,6,27,8,2017,val,46.81666666666666,6,3,24,102,2,6.0,0.0,18,12,3,13,0,0,1729,2091.384326871906
10400,1730,2017-08-28,0,28,8,2017,val,46.4,6,3,24,102,2,6.0,0.0,18,12,3,13,0,0,1730,1656.8704203035609
10401,1731,2017-08-29,1,29,8,2017,val,46.46,6,3,24,102,2,6.0,0.0,18,12,3,13,0,0,1731,1656.8704203035609
10402,1732,2017-08-30,2,30,8,2017,val,45.96,6,3,24,102,2,6.0,0.0,18,12,3,13,0,0,1732,1656.8704203035609
10403,1733,2017-08-31,3,31,8,2017,val,47.26,6,3,24,102,2,6.0,0.0,18,12,3,13,0,0,1733,1646.3709311403886
12122,1718,2017-08-16,2,16,8,2017,val,46.8,6,3,24,102,2,7.0,0.0,18,12,3,8,0,0,1718,1828.9525319173954
12123,1719,2017-08-17,3,17,8,2017,val,47.07,6,3,24,102,2,7.0,0.0,18,12,3,8,0,0,1719,1776.1397342540354
12124,1720,2017-08-18,4,18,8,2017,val,48.59,6,3,24,102,2,7.0,0.0,18,12,3,8,0,0,1720,1937.3043462034068
12125,1721,2017-08-19,5,19,8,2017,val,48.190000000000005,6,3,24,102,2,7.0,0.0,18,12,3,8,0,0,1721,1845.4159806778844
12126,1722,2017-08-20,6,20,8,2017,val,47.79,6,3,24,102,2,7.0,0.0,18,12,3,8,0,0,1722,1597.5155762179152
12127,1723,2017-08-21,0,21,8,2017,val,47.39,6,3,24,102,2,7.0,0.0,18,12,3,8,0,0,1723,1753.2584849165116
12128,1724,2017-08-22,1,22,8,2017,val,47.65,6,3,24,102,2,7.0,0.0,18,12,3,8,0,0,1724,1753.2584849165116
12129,1725,2017-08-23,2,23,8,2017,val,48.45,6,3,24,102,2,7.0,0.0,18,12,3,8,0,0,1725,1828.9525319173954
12130,1726,2017-08-24,3,24,8,2017,val,47.24,3,0,0,17,0,7.0,0.0,18,12,3,8,0,0,1726,1741.9303149315413
12131,1727,2017-08-25,4,25,8,2017,val,47.65,6,3,24,102,2,7.0,0.0,18,12,3,8,0,0,1727,1937.3043462034068
12132,1728,2017-08-26,5,26,8,2017,val,47.23333333333333,6,3,24,102,2,7.0,0.0,18,12,3,8,0,0,1728,1845.4159806778844
12133,1729,2017-08-27,6,27,8,2017,val,46.81666666666666,6,3,24,102,2,7.0,0.0,18,12,3,8,0,0,1729,1574.715576217915
12134,1730,2017-08-28,0,28,8,2017,val,46.4,6,3,24,102,2,7.0,0.0,18,12,3,8,0,0,1730,1753.2584849165116
12135,1731,2017-08-29,1,29,8,2017,val,46.46,6,3,24,102,2,7.0,0.0,18,12,3,8,0,0,1731,1753.2584849165116
12136,1732,2017-08-30,2,30,8,2017,val,45.96,6,3,24,102,2,7.0,0.0,18,12,3,8,0,0,1732,1828.9525319173954
12137,1733,2017-08-31,3,31,8,2017,val,47.26,6,3,24,102,2,7.0,0.0,18,12,3,8,0,0,1733,1776.1397342540354
13856,1718,2017-08-16,2,16,8,2017,val,46.8,6,3,24,102,2,8.0,0.0,18,12,3,8,0,0,1718,2705.069379823198
13857,1719,2017-08-17,3,17,8,2017,val,47.07,6,3,24,102,2,8.0,0.0,18,12,3,8,0,0,1719,2596.6403905696766
13858,1720,2017-08-18,4,18,8,2017,val,48.59,6,3,24,102,2,8.0,0.0,18,12,3,8,0,0,1720,3179.7164285645317
13859,1721,2017-08-19,5,19,8,2017,val,48.190000000000005,6,3,24,102,2,8.0,0.0,18,12,3,8,0,0,1721,3204.5438758097434
13860,1722,2017-08-20,6,20,8,2017,val,47.79,6,3,24,102,2,8.0,0.0,18,12,3,8,0,0,1722,2576.908367964347
13861,1723,2017-08-21,0,21,8,2017,val,47.39,6,3,24,102,2,8.0,0.0,18,12,3,8,0,0,1723,2614.777259077261
13862,1724,2017-08-22,1,22,8,2017,val,47.65,6,3,24,102,2,8.0,0.0,18,12,3,8,0,0,1724,2592.895127646102
13863,1725,2017-08-23,2,23,8,2017,val,48.45,6,3,24,102,2,8.0,0.0,18,12,3,8,0,0,1725,2690.942296489865
13864,1726,2017-08-24,3,24,8,2017,val,47.24,3,0,0,17,0,8.0,0.0,18,12,3,8,0,0,1726,2617.560720233527
13865,1727,2017-08-25,4,25,8,2017,val,47.65,6,3,24,102,2,8.0,0.0,18,12,3,8,0,0,1727,3169.2527154843633
13866,1728,2017-08-26,5,26,8,2017,val,47.23333333333333,6,3,24,102,2,8.0,0.0,18,12,3,8,0,0,1728,3192.343875809743
13867,1729,2017-08-27,6,27,8,2017,val,46.81666666666666,6,3,24,102,2,8.0,0.0,18,12,3,8,0,0,1729,2576.908367964347
13868,1730,2017-08-28,0,28,8,2017,val,46.4,6,3,24,102,2,8.0,0.0,18,12,3,8,0,0,1730,2614.777259077261
13869,1731,2017-08-29,1,29,8,2017,val,46.46,6,3,24,102,2,8.0,0.0,18,12,3,8,0,0,1731,2592.895127646102
13870,1732,2017-08-30,2,30,8,2017,val,45.96,6,3,24,102,2,8.0,0.0,18,12,3,8,0,0,1732,2690.942296489865
13871,1733,2017-08-31,3,31,8,2017,val,47.26,6,3,24,102,2,8.0,0.0,18,12,3,8,0,0,1733,2596.6403905696766
15590,1718,2017-08-16,2,16,8,2017,val,46.8,6,3,24,102,2,9.0,0.0,18,12,1,6,0,0,1718,1960.0996797048297
15591,1719,2017-08-17,3,17,8,2017,val,47.07,6,3,24,102,2,9.0,0.0,18,12,1,6,0,0,1719,1960.0996797048297
15592,1720,2017-08-18,4,18,8,2017,val,48.59,6,3,24,102,2,9.0,0.0,18,12,1,6,0,0,1720,1946.8259692363706
15593,1721,2017-08-19,5,19,8,2017,val,48.190000000000005,6,3,24,102,2,9.0,0.0,18,12,1,6,0,0,1721,2397.784173581049
15594,1722,2017-08-20,6,20,8,2017,val,47.79,6,3,24,102,2,9.0,0.0,18,12,1,6,0,0,1722,2354.8655492424245
15595,1723,2017-08-21,0,21,8,2017,val,47.39,6,3,24,102,2,9.0,0.0,18,12,1,6,0,0,1723,2035.15511579148
15596,1724,2017-08-22,1,22,8,2017,val,47.65,6,3,24,102,2,9.0,0.0,18,12,1,6,0,0,1724,2033.6008361691831
15597,1725,2017-08-23,2,23,8,2017,val,48.45,6,3,24,102,2,9.0,0.0,18,12,1,6,0,0,1725,1807.068840602494
15598,1726,2017-08-24,3,24,8,2017,val,47.24,3,0,0,17,0,9.0,0.0,18,12,1,6,0,0,1726,1770.264810293968
15599,1727,2017-08-25,4,25,8,2017,val,47.65,6,3,24,102,2,9.0,0.0,18,12,1,6,0,0,1727,1757.70492558071
15600,1728,2017-08-26,5,26,8,2017,val,47.23333333333333,6,3,24,102,2,9.0,0.0,18,12,1,6,0,0,1728,2374.322692099567
15601,1729,2017-08-27,6,27,8,2017,val,46.81666666666666,6,3,24,102,2,9.0,0.0,18,12,1,6,0,0,1729,2334.5226920995674
15602,1730,2017-08-28,0,28,8,2017,val,46.4,6,3,24,102,2,9.0,0.0,18,12,1,6,0,0,1730,1865.7678124317094
15603,1731,2017-08-29,1,29,8,2017,val,46.46,6,3,24,102,2,9.0,0.0,18,12,1,6,0,0,1731,1865.7678124317094
15604,1732,2017-08-30,2,30,8,2017,val,45.96,6,3,24,102,2,9.0,0.0,18,12,1,6,0,0,1732,1785.398641046982
15605,1733,2017-08-31,3,31,8,2017,val,47.26,6,3,24,102,2,9.0,0.0,18,12,1,6,0,0,1733,1785.398641046982
17324,1718,2017-08-16,2,16,8,2017,val,46.8,6,3,24,102,2,10.0,0.0,18,12,2,15,0,0,1718,878.2728099408407
17325,1719,2017-08-17,3,17,8,2017,val,47.07,6,3,24,102,2,10.0,0.0,18,12,2,15,0,0,1719,878.2728099408407
17326,1720,2017-08-18,4,18,8,2017,val,48.59,6,3,24,102,2,10.0,0.0,18,12,2,15,0,0,1720,829.1231410291664
17327,1721,2017-08-19,5,19,8,2017,val,48.190000000000005,6,3,24,102,2,10.0,0.0,18,12,2,15,0,0,1721,1164.4002380952381
17328,1722,2017-08-20,6,20,8,2017,val,47.79,6,3,24,102,2,10.0,0.0,18,12,2,15,0,0,1722,944.0784728867624
17329,1723,2017-08-21,0,21,8,2017,val,47.39,6,3,24,102,2,10.0,0.0,18,12,2,15,0,0,1723,1115.5672438672439
17330,1724,2017-08-22,1,22,8,2017,val,47.65,6,3,24,102,2,10.0,0.0,18,12,2,15,0,0,1724,1023.7529581529583
17331,1725,2017-08-23,2,23,8,2017,val,48.45,6,3,24,102,2,10.0,0.0,18,12,2,15,0,0,1725,889.0785131265438
17332,1726,2017-08-24,3,24,8,2017,val,47.24,3,0,0,17,0,10.0,0.0,18,12,2,15,0,0,1726,866.150873374991
17333,1727,2017-08-25,4,25,8,2017,val,47.65,6,3,24,102,2,10.0,0.0,18,12,2,15,0,0,1727,813.1135505430243
17334,1728,2017-08-26,5,26,8,2017,val,47.23333333333333,6,3,24,102,2,10.0,0.0,18,12,2,15,0,0,1728,1148.6304945054944
17335,1729,2017-08-27,6,27,8,2017,val,46.81666666666666,6,3,24,102,2,10.0,0.0,18,12,2,15,0,0,1729,944.0784728867624
17336,1730,2017-08-28,0,28,8,2017,val,46.4,6,3,24,102,2,10.0,0.0,18,12,2,15,0,0,1730,1040.2080555555553
17337,1731,2017-08-29,1,29,8,2017,val,46.46,6,3,24,102,2,10.0,0.0,18,12,2,15,0,0,1731,1022.0771031746033
17338,1732,2017-08-30,2,30,8,2017,val,45.96,6,3,24,102,2,10.0,0.0,18,12,2,15,0,0,1732,864.4393250923558
17339,1733,2017-08-31,3,31,8,2017,val,47.26,6,3,24,102,2,10.0,0.0,18,12,2,15,0,0,1733,864.4393250923558
19058,1718,2017-08-16,2,16,8,2017,val,46.8,6,3,24,102,2,11.0,0.0,2,12,1,6,0,0,1718,2093.217509466586
19059,1719,2017-08-17,3,17,8,2017,val,47.07,6,3,24,102,2,11.0,0.0,2,12,1,6,0,0,1719,2093.217509466586
19060,1720,2017-08-18,4,18,8,2017,val,48.59,6,3,24,102,2,11.0,0.0,2,12,1,6,0,0,1720,2093.217509466586
19061,1721,2017-08-19,5,19,8,2017,val,48.190000000000005,6,3,24,102,2,11.0,0.0,2,12,1,6,0,0,1721,2509.17384428037
19062,1722,2017-08-20,6,20,8,2017,val,47.79,6,3,24,102,2,11.0,0.0,2,12,1,6,0,0,1722,2587.6363201091053
19063,1723,2017-08-21,0,21,8,2017,val,47.39,6,3,24,102,2,11.0,0.0,2,12,1,6,0,0,1723,2161.7815676150644
19064,1724,2017-08-22,1,22,8,2017,val,47.65,6,3,24,102,2,11.0,0.0,2,12,1,6,0,0,1724,2161.7815676150644
19065,1725,2017-08-23,2,23,8,2017,val,48.45,6,3,24,102,2,11.0,0.0,2,12,1,6,0,0,1725,2038.1354727264309
19066,1726,2017-08-24,3,24,8,2017,val,47.24,3,0,0,17,0,11.0,0.0,2,12,1,6,0,0,1726,1963.7220301646507
19067,1727,2017-08-25,4,25,8,2017,val,47.65,6,3,24,102,2,11.0,0.0,2,12,1,6,0,0,1727,2007.7283805278494
19068,1728,2017-08-26,5,26,8,2017,val,47.23333333333333,6,3,24,102,2,11.0,0.0,2,12,1,6,0,0,1728,2461.5266621983033
19069,1729,2017-08-27,6,27,8,2017,val,46.81666666666666,6,3,24,102,2,11.0,0.0,2,12,1,6,0,0,1729,2531.770206753138
19070,1730,2017-08-28,0,28,8,2017,val,46.4,6,3,24,102,2,11.0,0.0,2,12,1,6,0,0,1730,2043.9113322542712
19071,1731,2017-08-29,1,29,8,2017,val,46.46,6,3,24,102,2,11.0,0.0,2,12,1,6,0,0,1731,2043.9113322542712
19072,1732,2017-08-30,2,30,8,2017,val,45.96,6,3,24,102,2,11.0,0.0,2,12,1,6,0,0,1732,1996.093120009599
19073,1733,2017-08-31,3,31,8,2017,val,47.26,6,3,24,102,2,11.0,0.0,2,12,1,6,0,0,1733,2020.359529276008
20792,1718,2017-08-16,2,16,8,2017,val,46.8,6,3,24,102,2,12.0,0.0,10,3,2,15,0,0,1718,1201.8314662171156
20793,1719,2017-08-17,3,17,8,2017,val,47.07,6,3,24,102,2,12.0,0.0,10,3,2,15,0,0,1719,1201.8314662171156
20794,1720,2017-08-18,4,18,8,2017,val,48.59,6,3,24,102,2,12.0,0.0,10,3,2,15,0,0,1720,1201.8314662171156
20795,1721,2017-08-19,5,19,8,2017,val,48.190000000000005,6,3,24,102,2,12.0,0.0,10,3,2,15,0,0,1721,1206.858034321287
20796,1722,2017-08-20,6,20,8,2017,val,47.79,6,3,24,102,2,12.0,0.0,10,3,2,15,0,0,1722,1202.368192152125
20797,1723,2017-08-21,0,21,8,2017,val,47.39,6,3,24,102,2,12.0,0.0,10,3,2,15,0,0,1723,1201.8314662171156
20798,1724,2017-08-22,1,22,8,2017,val,47.65,6,3,24,102,2,12.0,0.0,10,3,2,15,0,0,1724,1201.8314662171156
20799,1725,2017-08-23,2,23,8,2017,val,48.45,6,3,24,102,2,12.0,0.0,10,3,2,15,0,0,1725,1201.8314662171156
20800,1726,2017-08-24,3,24,8,2017,val,47.24,3,0,0,17,0,12.0,0.0,10,3,2,15,0,0,1726,1201.8314662171156
20801,1727,2017-08-25,4,25,8,2017,val,47.65,6,3,24,102,2,12.0,0.0,10,3,2,15,0,0,1727,1201.8314662171156
20802,1728,2017-08-26,5,26,8,2017,val,47.23333333333333,6,3,24,102,2,12.0,0.0,10,3,2,15,0,0,1728,1206.858034321287
20803,1729,2017-08-27,6,27,8,2017,val,46.81666666666666,6,3,24,102,2,12.0,0.0,10,3,2,15,0,0,1729,1202.368192152125
20804,1730,2017-08-28,0,28,8,2017,val,46.4,6,3,24,102,2,12.0,0.0,10,3,2,15,0,0,1730,1201.8314662171156
20805,1731,2017-08-29,1,29,8,2017,val,46.46,6,3,24,102,2,12.0,0.0,10,3,2,15,0,0,1731,1201.8314662171156
20806,1732,2017-08-30,2,30,8,2017,val,45.96,6,3,24,102,2,12.0,0.0,10,3,2,15,0,0,1732,1201.8314662171156
20807,1733,2017-08-31,3,31,8,2017,val,47.26,6,3,24,102,2,12.0,0.0,10,3,2,15,0,0,1733,1201.8314662171156
22526,1718,2017-08-16,2,16,8,2017,val,46.8,6,3,24,102,2,13.0,0.0,10,3,2,15,0,0,1718,852.8969717652668
22527,1719,2017-08-17,3,17,8,2017,val,47.07,6,3,24,102,2,13.0,0.0,10,3,2,15,0,0,1719,852.8969717652668
22528,1720,2017-08-18,4,18,8,2017,val,48.59,6,3,24,102,2,13.0,0.0,10,3,2,15,0,0,1720,852.8969717652668
22529,1721,2017-08-19,5,19,8,2017,val,48.190000000000005,6,3,24,102,2,13.0,0.0,10,3,2,15,0,0,1721,1204.7768380646298
22530,1722,2017-08-20,6,20,8,2017,val,47.79,6,3,24,102,2,13.0,0.0,10,3,2,15,0,0,1722,892.9407668955812
22531,1723,2017-08-21,0,21,8,2017,val,47.39,6,3,24,102,2,13.0,0.0,10,3,2,15,0,0,1723,923.9910348974327
22532,1724,2017-08-22,1,22,8,2017,val,47.65,6,3,24,102,2,13.0,0.0,10,3,2,15,0,0,1724,923.9910348974327
22533,1725,2017-08-23,2,23,8,2017,val,48.45,6,3,24,102,2,13.0,0.0,10,3,2,15,0,0,1725,852.8969717652668
22534,1726,2017-08-24,3,24,8,2017,val,47.24,3,0,0,17,0,13.0,0.0,10,3,2,15,0,0,1726,821.9625468873635
22535,1727,2017-08-25,4,25,8,2017,val,47.65,6,3,24,102,2,13.0,0.0,10,3,2,15,0,0,1727,852.8969717652668
22536,1728,2017-08-26,5,26,8,2017,val,47.23333333333333,6,3,24,102,2,13.0,0.0,10,3,2,15,0,0,1728,1204.7768380646298
22537,1729,2017-08-27,6,27,8,2017,val,46.81666666666666,6,3,24,102,2,13.0,0.0,10,3,2,15,0,0,1729,892.9407668955812
22538,1730,2017-08-28,0,28,8,2017,val,46.4,6,3,24,102,2,13.0,0.0,10,3,2,15,0,0,1730,923.9910348974327
22539,1731,2017-08-29,1,29,8,2017,val,46.46,6,3,24,102,2,13.0,0.0,10,3,2,15,0,0,1731,923.9910348974327
22540,1732,2017-08-30,2,30,8,2017,val,45.96,6,3,24,102,2,13.0,0.0,10,3,2,15,0,0,1732,852.8969717652668
22541,1733,2017-08-31,3,31,8,2017,val,47.26,6,3,24,102,2,13.0,0.0,10,3,2,15,0,0,1733,852.8969717652668
24260,1718,2017-08-16,2,16,8,2017,val,46.8,6,3,24,102,2,14.0,0.0,19,2,2,7,0,0,1718,1293.6171477270987
24261,1719,2017-08-17,3,17,8,2017,val,47.07,6,3,24,102,2,14.0,0.0,19,2,2,7,0,0,1719,1293.6171477270987
24262,1720,2017-08-18,4,18,8,2017,val,48.59,6,3,24,102,2,14.0,0.0,19,2,2,7,0,0,1720,1293.6171477270987
24263,1721,2017-08-19,5,19,8,2017,val,48.190000000000005,6,3,24,102,2,14.0,0.0,19,2,2,7,0,0,1721,1747.8276454169659
24264,1722,2017-08-20,6,20,8,2017,val,47.79,6,3,24,102,2,14.0,0.0,19,2,2,7,0,0,1722,1073.2378843521929
24265,1723,2017-08-21,0,21,8,2017,val,47.39,6,3,24,102,2,14.0,0.0,19,2,2,7,0,0,1723,1397.973954731646
24266,1724,2017-08-22,1,22,8,2017,val,47.65,6,3,24,102,2,14.0,0.0,19,2,2,7,0,0,1724,1361.343232503345
24267,1725,2017-08-23,2,23,8,2017,val,48.45,6,3,24,102,2,14.0,0.0,19,2,2,7,0,0,1725,1293.6171477270987
24268,1726,2017-08-24,3,24,8,2017,val,47.24,3,0,0,17,0,14.0,0.0,19,2,2,7,0,0,1726,1246.0617127023984
24269,1727,2017-08-25,4,25,8,2017,val,47.65,6,3,24,102,2,14.0,0.0,19,2,2,7,0,0,1727,1293.6171477270987
24270,1728,2017-08-26,5,26,8,2017,val,47.23333333333333,6,3,24,102,2,14.0,0.0,19,2,2,7,0,0,1728,1747.8276454169659
24271,1729,2017-08-27,6,27,8,2017,val,46.81666666666666,6,3,24,102,2,14.0,0.0,19,2,2,7,0,0,1729,1073.2378843521929
24272,1730,2017-08-28,0,28,8,2017,val,46.4,6,3,24,102,2,14.0,0.0,19,2,2,7,0,0,1730,1397.973954731646
24273,1731,2017-08-29,1,29,8,2017,val,46.46,6,3,24,102,2,14.0,0.0,19,2,2,7,0,0,1731,1361.343232503345
24274,1732,2017-08-30,2,30,8,2017,val,45.96,6,3,24,102,2,14.0,0.0,19,2,2,7,0,0,1732,1293.6171477270987
24275,1733,2017-08-31,3,31,8,2017,val,47.26,6,3,24,102,2,14.0,0.0,19,2,2,7,0,0,1733,1293.6171477270987
25994,1718,2017-08-16,2,16,8,2017,val,46.8,6,3,24,102,2,15.0,0.0,9,7,2,15,0,0,1718,1350.4131819302438
25995,1719,2017-08-17,3,17,8,2017,val,47.07,6,3,24,102,2,15.0,0.0,9,7,2,15,0,0,1719,1349.8296333888761
25996,1720,2017-08-18,4,18,8,2017,val,48.59,6,3,24,102,2,15.0,0.0,9,7,2,15,0,0,1720,1343.622120755524
25997,1721,2017-08-19,5,19,8,2017,val,48.190000000000005,6,3,24,102,2,15.0,0.0,9,7,2,15,0,0,1721,1341.9095003677817
25998,1722,2017-08-20,6,20,8,2017,val,47.79,6,3,24,102,2,15.0,0.0,9,7,2,15,0,0,1722,1032.0303823107236
25999,1723,2017-08-21,0,21,8,2017,val,47.39,6,3,24,102,2,15.0,0.0,9,7,2,15,0,0,1723,1453.933651525739
26000,1724,2017-08-22,1,22,8,2017,val,47.65,6,3,24,102,2,15.0,0.0,9,7,2,15,0,0,1724,1453.933651525739
26001,1725,2017-08-23,2,23,8,2017,val,48.45,6,3,24,102,2,15.0,0.0,9,7,2,15,0,0,1725,1350.4131819302438
26002,1726,2017-08-24,3,24,8,2017,val,47.24,3,0,0,17,0,15.0,0.0,9,7,2,15,0,0,1726,1306.6047660108832
26003,1727,2017-08-25,4,25,8,2017,val,47.65,6,3,24,102,2,15.0,0.0,9,7,2,15,0,0,1727,1321.8454947392638
26004,1728,2017-08-26,5,26,8,2017,val,47.23333333333333,6,3,24,102,2,15.0,0.0,9,7,2,15,0,0,1728,1320.1328743515214
26005,1729,2017-08-27,6,27,8,2017,val,46.81666666666666,6,3,24,102,2,15.0,0.0,9,7,2,15,0,0,1729,1024.4942354765278
26006,1730,2017-08-28,0,28,8,2017,val,46.4,6,3,24,102,2,15.0,0.0,9,7,2,15,0,0,1730,1445.6746094925034
26007,1731,2017-08-29,1,29,8,2017,val,46.46,6,3,24,102,2,15.0,0.0,9,7,2,15,0,0,1731,1445.6746094925034
26008,1732,2017-08-30,2,30,8,2017,val,45.96,6,3,24,102,2,15.0,0.0,9,7,2,15,0,0,1732,1328.6365559139836
26009,1733,2017-08-31,3,31,8,2017,val,47.26,6,3,24,102,2,15.0,0.0,9,7,2,15,0,0,1733,1328.0530073726159
27728,1718,2017-08-16,2,16,8,2017,val,46.8,6,3,24,102,2,16.0,0.0,21,14,2,3,0,0,1718,732.380353800022
27729,1719,2017-08-17,3,17,8,2017,val,47.07,6,3,24,102,2,16.0,0.0,21,14,2,3,0,0,1719,708.0501264608407
27730,1720,2017-08-18,4,18,8,2017,val,48.59,6,3,24,102,2,16.0,0.0,21,14,2,3,0,0,1720,738.1313764608407
27731,1721,2017-08-19,5,19,8,2017,val,48.190000000000005,6,3,24,102,2,16.0,0.0,21,14,2,3,0,0,1721,839.5089799089799
27732,1722,2017-08-20,6,20,8,2017,val,47.79,6,3,24,102,2,16.0,0.0,21,14,2,3,0,0,1722,877.0039215686274
27733,1723,2017-08-21,0,21,8,2017,val,47.39,6,3,24,102,2,16.0,0.0,21,14,2,3,0,0,1723,759.0599484283832
27734,1724,2017-08-22,1,22,8,2017,val,47.65,6,3,24,102,2,16.0,0.0,21,14,2,3,0,0,1724,782.4690393374741
27735,1725,2017-08-23,2,23,8,2017,val,48.45,6,3,24,102,2,16.0,0.0,21,14,2,3,0,0,1725,745.7157673338567
27736,1726,2017-08-24,3,24,8,2017,val,47.24,3,0,0,17,0,16.0,0.0,21,14,2,3,0,0,1726,645.88089569161
27737,1727,2017-08-25,4,25,8,2017,val,47.65,6,3,24,102,2,16.0,0.0,21,14,2,3,0,0,1727,705.4706621751263
27738,1728,2017-08-26,5,26,8,2017,val,47.23333333333333,6,3,24,102,2,16.0,0.0,21,14,2,3,0,0,1728,809.6448773448774
27739,1729,2017-08-27,6,27,8,2017,val,46.81666666666666,6,3,24,102,2,16.0,0.0,21,14,2,3,0,0,1729,831.7705882352941
27740,1730,2017-08-28,0,28,8,2017,val,46.4,6,3,24,102,2,16.0,0.0,21,14,2,3,0,0,1730,726.2589960474309
27741,1731,2017-08-29,1,29,8,2017,val,46.46,6,3,24,102,2,16.0,0.0,21,14,2,3,0,0,1731,727.9589960474309
27742,1732,2017-08-30,2,30,8,2017,val,45.96,6,3,24,102,2,16.0,0.0,21,14,2,3,0,0,1732,703.1481482862375
27743,1733,2017-08-31,3,31,8,2017,val,47.26,6,3,24,102,2,16.0,0.0,21,14,2,3,0,0,1733,685.172348683063
29462,1718,2017-08-16,2,16,8,2017,val,46.8,6,3,24,102,2,17.0,0.0,18,12,2,12,0,0,1718,1407.6864285714287
29463,1719,2017-08-17,3,17,8,2017,val,47.07,6,3,24,102,2,17.0,0.0,18,12,2,12,0,0,1719,1391.5178571428573
29464,1720,2017-08-18,4,18,8,2017,val,48.59,6,3,24,102,2,17.0,0.0,18,12,2,12,0,0,1720,1325.811038961039
29465,1721,2017-08-19,5,19,8,2017,val,48.190000000000005,6,3,24,102,2,17.0,0.0,18,12,2,12,0,0,1721,1792.5
29466,1722,2017-08-20,6,20,8,2017,val,47.79,6,3,24,102,2,17.0,0.0,18,12,2,12,0,0,1722,1824.3
29467,1723,2017-08-21,0,21,8,2017,val,47.39,6,3,24,102,2,17.0,0.0,18,12,2,12,0,0,1723,1484.476746031746
29468,1724,2017-08-22,1,22,8,2017,val,47.65,6,3,24,102,2,17.0,0.0,18,12,2,12,0,0,1724,1492.631746031746
29469,1725,2017-08-23,2,23,8,2017,val,48.45,6,3,24,102,2,17.0,0.0,18,12,2,12,0,0,1725,1256.4114285714286
29470,1726,2017-08-24,3,24,8,2017,val,47.24,3,0,0,17,0,17.0,0.0,18,12,2,12,0,0,1726,1395.7514285714285
29471,1727,2017-08-25,4,25,8,2017,val,47.65,6,3,24,102,2,17.0,0.0,18,12,2,12,0,0,1727,1240.2428571428572
29472,1728,2017-08-26,5,26,8,2017,val,47.23333333333333,6,3,24,102,2,17.0,0.0,18,12,2,12,0,0,1728,1821.2
29473,1729,2017-08-27,6,27,8,2017,val,46.81666666666666,6,3,24,102,2,17.0,0.0,18,12,2,12,0,0,1729,1854.9
29474,1730,2017-08-28,0,28,8,2017,val,46.4,6,3,24,102,2,17.0,0.0,18,12,2,12,0,0,1730,1484.476746031746
29475,1731,2017-08-29,1,29,8,2017,val,46.46,6,3,24,102,2,17.0,0.0,18,12,2,12,0,0,1731,1501.3095238095236
29476,1732,2017-08-30,2,30,8,2017,val,45.96,6,3,24,102,2,17.0,0.0,18,12,2,12,0,0,1732,1327.7114285714285
29477,1733,2017-08-31,3,31,8,2017,val,47.26,6,3,24,102,2,17.0,0.0,18,12,2,12,0,0,1733,1352.9714285714285
31196,1718,2017-08-16,2,16,8,2017,val,46.8,6,3,24,102,2,18.0,0.0,18,12,1,16,0,0,1718,1278.5968411209606
31197,1719,2017-08-17,3,17,8,2017,val,47.07,6,3,24,102,2,18.0,0.0,18,12,1,16,0,0,1719,1278.5968411209606
31198,1720,2017-08-18,4,18,8,2017,val,48.59,6,3,24,102,2,18.0,0.0,18,12,1,16,0,0,1720,1217.1098322499477
31199,1721,2017-08-19,5,19,8,2017,val,48.190000000000005,6,3,24,102,2,18.0,0.0,18,12,1,16,0,0,1721,1154.5455
31200,1722,2017-08-20,6,20,8,2017,val,47.79,6,3,24,102,2,18.0,0.0,18,12,1,16,0,0,1722,1154.5455
31201,1723,2017-08-21,0,21,8,2017,val,47.39,6,3,24,102,2,18.0,0.0,18,12,1,16,0,0,1723,1292.8459767889549
31202,1724,2017-08-22,1,22,8,2017,val,47.65,6,3,24,102,2,18.0,0.0,18,12,1,16,0,0,1724,1384.0099546716424
31203,1725,2017-08-23,2,23,8,2017,val,48.45,6,3,24,102,2,18.0,0.0,18,12,1,16,0,0,1725,1261.676628355003
31204,1726,2017-08-24,3,24,8,2017,val,47.24,3,0,0,17,0,18.0,0.0,18,12,1,16,0,0,1726,1262.7216599757085
31205,1727,2017-08-25,4,25,8,2017,val,47.65,6,3,24,102,2,18.0,0.0,18,12,1,16,0,0,1727,1242.4864953515519
31206,1728,2017-08-26,5,26,8,2017,val,47.23333333333333,6,3,24,102,2,18.0,0.0,18,12,1,16,0,0,1728,1167.5360303030304
31207,1729,2017-08-27,6,27,8,2017,val,46.81666666666666,6,3,24,102,2,18.0,0.0,18,12,1,16,0,0,1729,1161.727696969697
31208,1730,2017-08-28,0,28,8,2017,val,46.4,6,3,24,102,2,18.0,0.0,18,12,1,16,0,0,1730,1292.8459767889549
31209,1731,2017-08-29,1,29,8,2017,val,46.46,6,3,24,102,2,18.0,0.0,18,12,1,16,0,0,1731,1384.0099546716424
31210,1732,2017-08-30,2,30,8,2017,val,45.96,6,3,24,102,2,18.0,0.0,18,12,1,16,0,0,1732,1272.1071297307865
31211,1733,2017-08-31,3,31,8,2017,val,47.26,6,3,24,102,2,18.0,0.0,18,12,1,16,0,0,1733,1278.5968411209606
32930,1718,2017-08-16,2,16,8,2017,val,46.8,6,3,24,102,2,19.0,0.0,7,1,2,15,0,0,1718,1188.9263106426474
32931,1719,2017-08-17,3,17,8,2017,val,47.07,6,3,24,102,2,19.0,0.0,7,1,2,15,0,0,1719,1182.8886269856753
32932,1720,2017-08-18,4,18,8,2017,val,48.59,6,3,24,102,2,19.0,0.0,7,1,2,15,0,0,1720,1182.8886269856753
32933,1721,2017-08-19,5,19,8,2017,val,48.190000000000005,6,3,24,102,2,19.0,0.0,7,1,2,15,0,0,1721,1788.443518193832
32934,1722,2017-08-20,6,20,8,2017,val,47.79,6,3,24,102,2,19.0,0.0,7,1,2,15,0,0,1722,1191.8308392686408
32935,1723,2017-08-21,0,21,8,2017,val,47.39,6,3,24,102,2,19.0,0.0,7,1,2,15,0,0,1723,1226.4842378304784
32936,1724,2017-08-22,1,22,8,2017,val,47.65,6,3,24,102,2,19.0,0.0,7,1,2,15,0,0,1724,1219.2027271352913
32937,1725,2017-08-23,2,23,8,2017,val,48.45,6,3,24,102,2,19.0,0.0,7,1,2,15,0,0,1725,1188.9263106426474
32938,1726,2017-08-24,3,24,8,2017,val,47.24,3,0,0,17,0,19.0,0.0,7,1,2,15,0,0,1726,1161.417982082717
32939,1727,2017-08-25,4,25,8,2017,val,47.65,6,3,24,102,2,19.0,0.0,7,1,2,15,0,0,1727,1182.8886269856753
32940,1728,2017-08-26,5,26,8,2017,val,47.23333333333333,6,3,24,102,2,19.0,0.0,7,1,2,15,0,0,1728,1788.443518193832
32941,1729,2017-08-27,6,27,8,2017,val,46.81666666666666,6,3,24,102,2,19.0,0.0,7,1,2,15,0,0,1729,1191.8308392686408
32942,1730,2017-08-28,0,28,8,2017,val,46.4,6,3,24,102,2,19.0,0.0,7,1,2,15,0,0,1730,1226.4842378304784
32943,1731,2017-08-29,1,29,8,2017,val,46.46,6,3,24,102,2,19.0,0.0,7,1,2,15,0,0,1731,1219.2027271352913
32944,1732,2017-08-30,2,30,8,2017,val,45.96,6,3,24,102,2,19.0,0.0,7,1,2,15,0,0,1732,1188.9263106426474
32945,1733,2017-08-31,3,31,8,2017,val,47.26,6,3,24,102,2,19.0,0.0,7,1,2,15,0,0,1733,1182.8886269856753
34664,1718,2017-08-16,2,16,8,2017,val,46.8,6,3,24,102,2,20.0,0.0,18,12,1,6,0,0,1718,1296.9217734720849
34665,1719,2017-08-17,3,17,8,2017,val,47.07,6,3,24,102,2,20.0,0.0,18,12,1,6,0,0,1719,1296.9217734720849
34666,1720,2017-08-18,4,18,8,2017,val,48.59,6,3,24,102,2,20.0,0.0,18,12,1,6,0,0,1720,1274.274375266426
34667,1721,2017-08-19,5,19,8,2017,val,48.190000000000005,6,3,24,102,2,20.0,0.0,18,12,1,6,0,0,1721,1866.8887131910237
34668,1722,2017-08-20,6,20,8,2017,val,47.79,6,3,24,102,2,20.0,0.0,18,12,1,6,0,0,1722,2029.7237423735685
34669,1723,2017-08-21,0,21,8,2017,val,47.39,6,3,24,102,2,20.0,0.0,18,12,1,6,0,0,1723,1296.9217734720849
34670,1724,2017-08-22,1,22,8,2017,val,47.65,6,3,24,102,2,20.0,0.0,18,12,1,6,0,0,1724,1296.9217734720849
34671,1725,2017-08-23,2,23,8,2017,val,48.45,6,3,24,102,2,20.0,0.0,18,12,1,6,0,0,1725,1296.9217734720849
34672,1726,2017-08-24,3,24,8,2017,val,47.24,3,0,0,17,0,20.0,0.0,18,12,1,6,0,0,1726,1364.6965602248208
34673,1727,2017-08-25,4,25,8,2017,val,47.65,6,3,24,102,2,20.0,0.0,18,12,1,6,0,0,1727,1256.9543752664258
34674,1728,2017-08-26,5,26,8,2017,val,47.23333333333333,6,3,24,102,2,20.0,0.0,18,12,1,6,0,0,1728,1806.1608560481666
34675,1729,2017-08-27,6,27,8,2017,val,46.81666666666666,6,3,24,102,2,20.0,0.0,18,12,1,6,0,0,1729,1996.4737423735685
34676,1730,2017-08-28,0,28,8,2017,val,46.4,6,3,24,102,2,20.0,0.0,18,12,1,6,0,0,1730,1279.601773472085
34677,1731,2017-08-29,1,29,8,2017,val,46.46,6,3,24,102,2,20.0,0.0,18,12,1,6,0,0,1731,1279.601773472085
34678,1732,2017-08-30,2,30,8,2017,val,45.96,6,3,24,102,2,20.0,0.0,18,12,1,6,0,0,1732,1279.601773472085
34679,1733,2017-08-31,3,31,8,2017,val,47.26,6,3,24,102,2,20.0,0.0,18,12,1,6,0,0,1733,1279.601773472085
36398,1718,2017-08-16,2,16,8,2017,val,46.8,6,3,24,102,2,21.0,0.0,21,14,1,6,0,0,1718,888.5204777699322
36399,1719,2017-08-17,3,17,8,2017,val,47.07,6,3,24,102,2,21.0,0.0,21,14,1,6,0,0,1719,888.5204777699322
36400,1720,2017-08-18,4,18,8,2017,val,48.59,6,3,24,102,2,21.0,0.0,21,14,1,6,0,0,1720,888.5204777699322
36401,1721,2017-08-19,5,19,8,2017,val,48.190000000000005,6,3,24,102,2,21.0,0.0,21,14,1,6,0,0,1721,1394.9223580481303
36402,1722,2017-08-20,6,20,8,2017,val,47.79,6,3,24,102,2,21.0,0.0,21,14,1,6,0,0,1722,1478.5572816796728
36403,1723,2017-08-21,0,21,8,2017,val,47.39,6,3,24,102,2,21.0,0.0,21,14,1,6,0,0,1723,908.1084745475906
36404,1724,2017-08-22,1,22,8,2017,val,47.65,6,3,24,102,2,21.0,0.0,21,14,1,6,0,0,1724,908.1084745475906
36405,1725,2017-08-23,2,23,8,2017,val,48.45,6,3,24,102,2,21.0,0.0,21,14,1,6,0,0,1725,888.5204777699322
36406,1726,2017-08-24,3,24,8,2017,val,47.24,3,0,0,17,0,21.0,0.0,21,14,1,6,0,0,1726,904.8943908134104
36407,1727,2017-08-25,4,25,8,2017,val,47.65,6,3,24,102,2,21.0,0.0,21,14,1,6,0,0,1727,888.5204777699322
36408,1728,2017-08-26,5,26,8,2017,val,47.23333333333333,6,3,24,102,2,21.0,0.0,21,14,1,6,0,0,1728,1394.9223580481303
36409,1729,2017-08-27,6,27,8,2017,val,46.81666666666666,6,3,24,102,2,21.0,0.0,21,14,1,6,0,0,1729,1478.5572816796728
36410,1730,2017-08-28,0,28,8,2017,val,46.4,6,3,24,102,2,21.0,0.0,21,14,1,6,0,0,1730,908.1084745475906
36411,1731,2017-08-29,1,29,8,2017,val,46.46,6,3,24,102,2,21.0,0.0,21,14,1,6,0,0,1731,908.1084745475906
36412,1732,2017-08-30,2,30,8,2017,val,45.96,6,3,24,102,2,21.0,0.0,21,14,1,6,0,0,1732,888.5204777699322
36413,1733,2017-08-31,3,31,8,2017,val,47.26,6,3,24,102,2,21.0,0.0,21,14,1,6,0,0,1733,888.5204777699322
38132,1718,2017-08-16,2,16,8,2017,val,46.8,6,3,24,102,2,22.0,0.0,16,11,2,7,0,0,1718,772.4237420913879
38133,1719,2017-08-17,3,17,8,2017,val,47.07,6,3,24,102,2,22.0,0.0,16,11,2,7,0,0,1719,758.1737420913878
38134,1720,2017-08-18,4,18,8,2017,val,48.59,6,3,24,102,2,22.0,0.0,16,11,2,7,0,0,1720,885.607903582071
38135,1721,2017-08-19,5,19,8,2017,val,48.190000000000005,6,3,24,102,2,22.0,0.0,16,11,2,7,0,0,1721,945.2052404115526
38136,1722,2017-08-20,6,20,8,2017,val,47.79,6,3,24,102,2,22.0,0.0,16,11,2,7,0,0,1722,817.7710789208693
38137,1723,2017-08-21,0,21,8,2017,val,47.39,6,3,24,102,2,22.0,0.0,16,11,2,7,0,0,1723,758.1737420913878
38138,1724,2017-08-22,1,22,8,2017,val,47.65,6,3,24,102,2,22.0,0.0,16,11,2,7,0,0,1724,758.1737420913878
38139,1725,2017-08-23,2,23,8,2017,val,48.45,6,3,24,102,2,22.0,0.0,16,11,2,7,0,0,1725,885.607903582071
38140,1726,2017-08-24,3,24,8,2017,val,47.24,3,0,0,17,0,22.0,0.0,16,11,2,7,0,0,1726,892.8595198691659
38141,1727,2017-08-25,4,25,8,2017,val,47.65,6,3,24,102,2,22.0,0.0,16,11,2,7,0,0,1727,739.6677091275922
38142,1728,2017-08-26,5,26,8,2017,val,47.23333333333333,6,3,24,102,2,22.0,0.0,16,11,2,7,0,0,1728,799.2650459570735
38143,1729,2017-08-27,6,27,8,2017,val,46.81666666666666,6,3,24,102,2,22.0,0.0,16,11,2,7,0,0,1729,813.5150459570735
38144,1730,2017-08-28,0,28,8,2017,val,46.4,6,3,24,102,2,22.0,0.0,16,11,2,7,0,0,1730,694.0514128312958
38145,1731,2017-08-29,1,29,8,2017,val,46.46,6,3,24,102,2,22.0,0.0,16,11,2,7,0,0,1731,694.0514128312958
38146,1732,2017-08-30,2,30,8,2017,val,45.96,6,3,24,102,2,22.0,0.0,16,11,2,7,0,0,1732,694.0514128312958
38147,1733,2017-08-31,3,31,8,2017,val,47.26,6,3,24,102,2,22.0,0.0,16,11,2,7,0,0,1733,739.6677091275922
39866,1718,2017-08-16,2,16,8,2017,val,46.8,6,3,24,102,2,23.0,0.0,0,15,3,9,0,0,1718,1012.9297909324526
39867,1719,2017-08-17,3,17,8,2017,val,47.07,6,3,24,102,2,23.0,0.0,0,15,3,9,0,0,1719,998.0977077851196
39868,1720,2017-08-18,4,18,8,2017,val,48.59,6,3,24,102,2,23.0,0.0,0,15,3,9,0,0,1720,1066.5241301449246
39869,1721,2017-08-19,5,19,8,2017,val,48.190000000000005,6,3,24,102,2,23.0,0.0,0,15,3,9,0,0,1721,1123.613777784408
39870,1722,2017-08-20,6,20,8,2017,val,47.79,6,3,24,102,2,23.0,0.0,0,15,3,9,0,0,1722,1016.165476853067
39871,1723,2017-08-21,0,21,8,2017,val,47.39,6,3,24,102,2,23.0,0.0,0,15,3,9,0,0,1723,1012.9297909324526
39872,1724,2017-08-22,1,22,8,2017,val,47.65,6,3,24,102,2,23.0,0.0,0,15,3,9,0,0,1724,1012.9297909324526
39873,1725,2017-08-23,2,23,8,2017,val,48.45,6,3,24,102,2,23.0,0.0,0,15,3,9,0,0,1725,1008.7770636597254
39874,1726,2017-08-24,3,24,8,2017,val,47.24,3,0,0,17,0,23.0,0.0,0,15,3,9,0,1,1726,1010.8928069202841
39875,1727,2017-08-25,4,25,8,2017,val,47.65,6,3,24,102,2,23.0,0.0,0,15,3,9,0,0,1727,1060.6437271742561
39876,1728,2017-08-26,5,26,8,2017,val,47.23333333333333,6,3,24,102,2,23.0,0.0,0,15,3,9,0,0,1728,1123.1659989272146
39877,1729,2017-08-27,6,27,8,2017,val,46.81666666666666,6,3,24,102,2,23.0,0.0,0,15,3,9,0,0,1729,1015.7176979958738
39878,1730,2017-08-28,0,28,8,2017,val,46.4,6,3,24,102,2,23.0,0.0,0,15,3,9,0,0,1730,1008.7770636597254
39879,1731,2017-08-29,1,29,8,2017,val,46.46,6,3,24,102,2,23.0,0.0,0,15,3,9,0,0,1731,1008.7770636597254
39880,1732,2017-08-30,2,30,8,2017,val,45.96,6,3,24,102,2,23.0,0.0,0,15,3,9,0,0,1732,1008.7770636597254
39881,1733,2017-08-31,3,31,8,2017,val,47.26,6,3,24,102,2,23.0,0.0,0,15,3,9,0,0,1733,993.9449805123925
41600,1718,2017-08-16,2,16,8,2017,val,46.8,6,3,24,102,2,24.0,0.0,8,6,3,1,0,0,1718,2327.383860006567
41601,1719,2017-08-17,3,17,8,2017,val,47.07,6,3,24,102,2,24.0,0.0,8,6,3,1,0,0,1719,2222.557727061964
41602,1720,2017-08-18,4,18,8,2017,val,48.59,6,3,24,102,2,24.0,0.0,8,6,3,1,0,0,1720,2492.1748785134396
41603,1721,2017-08-19,5,19,8,2017,val,48.190000000000005,6,3,24,102,2,24.0,0.0,8,6,3,1,0,0,1721,2325.089274001374
41604,1722,2017-08-20,6,20,8,2017,val,47.79,6,3,24,102,2,24.0,0.0,8,6,3,1,0,0,1722,1837.2605527606806
41605,1723,2017-08-21,0,21,8,2017,val,47.39,6,3,24,102,2,24.0,0.0,8,6,3,1,0,0,1723,2290.9391189341723
41606,1724,2017-08-22,1,22,8,2017,val,47.65,6,3,24,102,2,24.0,0.0,8,6,3,1,0,0,1724,2290.9391189341723
41607,1725,2017-08-23,2,23,8,2017,val,48.45,6,3,24,102,2,24.0,0.0,8,6,3,1,0,0,1725,2327.383860006567
41608,1726,2017-08-24,3,24,8,2017,val,47.24,3,0,0,17,0,24.0,0.0,8,6,3,1,0,0,1726,2123.7115371944383
41609,1727,2017-08-25,4,25,8,2017,val,47.65,6,3,24,102,2,24.0,0.0,8,6,3,1,0,0,1727,2492.1748785134396
41610,1728,2017-08-26,5,26,8,2017,val,47.23333333333333,6,3,24,102,2,24.0,0.0,8,6,3,1,0,0,1728,2325.089274001374
41611,1729,2017-08-27,6,27,8,2017,val,46.81666666666666,6,3,24,102,2,24.0,0.0,8,6,3,1,0,0,1729,1837.2605527606806
41612,1730,2017-08-28,0,28,8,2017,val,46.4,6,3,24,102,2,24.0,0.0,8,6,3,1,0,0,1730,2290.9391189341723
41613,1731,2017-08-29,1,29,8,2017,val,46.46,6,3,24,102,2,24.0,0.0,8,6,3,1,0,0,1731,2290.9391189341723
41614,1732,2017-08-30,2,30,8,2017,val,45.96,6,3,24,102,2,24.0,0.0,8,6,3,1,0,0,1732,2327.383860006567
41615,1733,2017-08-31,3,31,8,2017,val,47.26,6,3,24,102,2,24.0,0.0,8,6,3,1,0,0,1733,2222.557727061964
43334,1718,2017-08-16,2,16,8,2017,val,46.8,6,3,24,102,2,25.0,0.0,20,13,3,1,0,0,1718,699.7469415777293
43335,1719,2017-08-17,3,17,8,2017,val,47.07,6,3,24,102,2,25.0,0.0,20,13,3,1,0,0,1719,699.7469415777293
43336,1720,2017-08-18,4,18,8,2017,val,48.59,6,3,24,102,2,25.0,0.0,20,13,3,1,0,0,1720,741.0310442593671
43337,1721,2017-08-19,5,19,8,2017,val,48.190000000000005,6,3,24,102,2,25.0,0.0,20,13,3,1,0,0,1721,1094.6545770437042
43338,1722,2017-08-20,6,20,8,2017,val,47.79,6,3,24,102,2,25.0,0.0,20,13,3,1,0,0,1722,748.7026330738341
43339,1723,2017-08-21,0,21,8,2017,val,47.39,6,3,24,102,2,25.0,0.0,20,13,3,1,0,0,1723,686.991025091528
43340,1724,2017-08-22,1,22,8,2017,val,47.65,6,3,24,102,2,25.0,0.0,20,13,3,1,0,0,1724,686.991025091528
43341,1725,2017-08-23,2,23,8,2017,val,48.45,6,3,24,102,2,25.0,0.0,20,13,3,1,0,0,1725,699.7469415777293
43342,1726,2017-08-24,3,24,8,2017,val,47.24,3,0,0,17,0,25.0,0.0,20,13,3,1,0,0,1726,679.7427589946145
43343,1727,2017-08-25,4,25,8,2017,val,47.65,6,3,24,102,2,25.0,0.0,20,13,3,1,0,0,1727,741.0310442593671
43344,1728,2017-08-26,5,26,8,2017,val,47.23333333333333,6,3,24,102,2,25.0,0.0,20,13,3,1,0,0,1728,1101.1967339064493
43345,1729,2017-08-27,6,27,8,2017,val,46.81666666666666,6,3,24,102,2,25.0,0.0,20,13,3,1,0,0,1729,748.7026330738341
43346,1730,2017-08-28,0,28,8,2017,val,46.4,6,3,24,102,2,25.0,0.0,20,13,3,1,0,0,1730,666.9868425084131
43347,1731,2017-08-29,1,29,8,2017,val,46.46,6,3,24,102,2,25.0,0.0,20,13,3,1,0,0,1731,675.4401548490939
43348,1732,2017-08-30,2,30,8,2017,val,45.96,6,3,24,102,2,25.0,0.0,20,13,3,1,0,0,1732,694.2787901467425
43349,1733,2017-08-31,3,31,8,2017,val,47.26,6,3,24,102,2,25.0,0.0,20,13,3,1,0,0,1733,694.2787901467425
45068,1718,2017-08-16,2,16,8,2017,val,46.8,6,3,24,102,2,26.0,0.0,8,6,3,10,0,0,1718,522.8206769830493
45069,1719,2017-08-17,3,17,8,2017,val,47.07,6,3,24,102,2,26.0,0.0,8,6,3,10,0,0,1719,522.8206769830493
45070,1720,2017-08-18,4,18,8,2017,val,48.59,6,3,24,102,2,26.0,0.0,8,6,3,10,0,0,1720,537.4534025137217
45071,1721,2017-08-19,5,19,8,2017,val,48.190000000000005,6,3,24,102,2,26.0,0.0,8,6,3,10,0,0,1721,588.1557879708708
45072,1722,2017-08-20,6,20,8,2017,val,47.79,6,3,24,102,2,26.0,0.0,8,6,3,10,0,0,1722,588.1557879708708
45073,1723,2017-08-21,0,21,8,2017,val,47.39,6,3,24,102,2,26.0,0.0,8,6,3,10,0,0,1723,522.8206769830493
45074,1724,2017-08-22,1,22,8,2017,val,47.65,6,3,24,102,2,26.0,0.0,8,6,3,10,0,0,1724,522.8206769830493
45075,1725,2017-08-23,2,23,8,2017,val,48.45,6,3,24,102,2,26.0,0.0,8,6,3,10,0,0,1725,522.8206769830493
45076,1726,2017-08-24,3,24,8,2017,val,47.24,3,0,0,17,0,26.0,0.0,8,6,3,10,0,0,1726,522.8206769830493
45077,1727,2017-08-25,4,25,8,2017,val,47.65,6,3,24,102,2,26.0,0.0,8,6,3,10,0,0,1727,537.4534025137217
45078,1728,2017-08-26,5,26,8,2017,val,47.23333333333333,6,3,24,102,2,26.0,0.0,8,6,3,10,0,0,1728,588.1557879708708
45079,1729,2017-08-27,6,27,8,2017,val,46.81666666666666,6,3,24,102,2,26.0,0.0,8,6,3,10,0,0,1729,588.1557879708708
45080,1730,2017-08-28,0,28,8,2017,val,46.4,6,3,24,102,2,26.0,0.0,8,6,3,10,0,0,1730,522.8206769830493
45081,1731,2017-08-29,1,29,8,2017,val,46.46,6,3,24,102,2,26.0,0.0,8,6,3,10,0,0,1731,522.8206769830493
45082,1732,2017-08-30,2,30,8,2017,val,45.96,6,3,24,102,2,26.0,0.0,8,6,3,10,0,0,1732,522.8206769830493
45083,1733,2017-08-31,3,31,8,2017,val,47.26,6,3,24,102,2,26.0,0.0,8,6,3,10,0,0,1733,522.8206769830493
46802,1718,2017-08-16,2,16,8,2017,val,46.8,6,3,24,102,2,27.0,0.0,4,6,3,1,0,0,1718,1489.1574776921914
46803,1719,2017-08-17,3,17,8,2017,val,47.07,6,3,24,102,2,27.0,0.0,4,6,3,1,0,0,1719,1480.8071508948055
46804,1720,2017-08-18,4,18,8,2017,val,48.59,6,3,24,102,2,27.0,0.0,4,6,3,1,0,0,1720,1498.655890390604
46805,1721,2017-08-19,5,19,8,2017,val,48.190000000000005,6,3,24,102,2,27.0,0.0,4,6,3,1,0,0,1721,1876.0879310344826
46806,1722,2017-08-20,6,20,8,2017,val,47.79,6,3,24,102,2,27.0,0.0,4,6,3,1,0,0,1722,1802.5585714285712
46807,1723,2017-08-21,0,21,8,2017,val,47.39,6,3,24,102,2,27.0,0.0,4,6,3,1,0,0,1723,1415.7574776921915
46808,1724,2017-08-22,1,22,8,2017,val,47.65,6,3,24,102,2,27.0,0.0,4,6,3,1,0,0,1724,1415.7574776921915
46809,1725,2017-08-23,2,23,8,2017,val,48.45,6,3,24,102,2,27.0,0.0,4,6,3,1,0,0,1725,1489.1574776921914
46810,1726,2017-08-24,3,24,8,2017,val,47.24,3,0,0,17,0,27.0,0.0,4,6,3,1,0,0,1726,1113.5720512820512
46811,1727,2017-08-25,4,25,8,2017,val,47.65,6,3,24,102,2,27.0,0.0,4,6,3,1,0,0,1727,1487.0317961877058
46812,1728,2017-08-26,5,26,8,2017,val,47.23333333333333,6,3,24,102,2,27.0,0.0,4,6,3,1,0,0,1728,1876.0879310344826
46813,1729,2017-08-27,6,27,8,2017,val,46.81666666666666,6,3,24,102,2,27.0,0.0,4,6,3,1,0,0,1729,1802.5585714285712
46814,1730,2017-08-28,0,28,8,2017,val,46.4,6,3,24,102,2,27.0,0.0,4,6,3,1,0,0,1730,1414.3359300731436
46815,1731,2017-08-29,1,29,8,2017,val,46.46,6,3,24,102,2,27.0,0.0,4,6,3,1,0,0,1731,1414.3359300731436
46816,1732,2017-08-30,2,30,8,2017,val,45.96,6,3,24,102,2,27.0,0.0,4,6,3,1,0,0,1732,1487.7359300731437
46817,1733,2017-08-31,3,31,8,2017,val,47.26,6,3,24,102,2,27.0,0.0,4,6,3,1,0,0,1733,1473.9330566919073
48536,1718,2017-08-16,2,16,8,2017,val,46.8,6,3,24,102,2,28.0,0.0,8,6,4,10,0,0,1718,1010.9811491009019
48537,1719,2017-08-17,3,17,8,2017,val,47.07,6,3,24,102,2,28.0,0.0,8,6,4,10,0,0,1719,1010.9811491009019
48538,1720,2017-08-18,4,18,8,2017,val,48.59,6,3,24,102,2,28.0,0.0,8,6,4,10,0,0,1720,1010.9811491009019
48539,1721,2017-08-19,5,19,8,2017,val,48.190000000000005,6,3,24,102,2,28.0,0.0,8,6,4,10,0,0,1721,1292.7725323210102
48540,1722,2017-08-20,6,20,8,2017,val,47.79,6,3,24,102,2,28.0,0.0,8,6,4,10,0,0,1722,1523.659290240926
48541,1723,2017-08-21,0,21,8,2017,val,47.39,6,3,24,102,2,28.0,0.0,8,6,4,10,0,0,1723,1121.6339884173397
48542,1724,2017-08-22,1,22,8,2017,val,47.65,6,3,24,102,2,28.0,0.0,8,6,4,10,0,0,1724,1130.8764731007977
48543,1725,2017-08-23,2,23,8,2017,val,48.45,6,3,24,102,2,28.0,0.0,8,6,4,10,0,0,1725,1010.9811491009019
48544,1726,2017-08-24,3,24,8,2017,val,47.24,3,0,0,17,0,28.0,0.0,8,6,4,10,0,0,1726,990.4071500108199
48545,1727,2017-08-25,4,25,8,2017,val,47.65,6,3,24,102,2,28.0,0.0,8,6,4,10,0,0,1727,1010.9811491009019
48546,1728,2017-08-26,5,26,8,2017,val,47.23333333333333,6,3,24,102,2,28.0,0.0,8,6,4,10,0,0,1728,1292.7725323210102
48547,1729,2017-08-27,6,27,8,2017,val,46.81666666666666,6,3,24,102,2,28.0,0.0,8,6,4,10,0,0,1729,1523.659290240926
48548,1730,2017-08-28,0,28,8,2017,val,46.4,6,3,24,102,2,28.0,0.0,8,6,4,10,0,0,1730,1121.6339884173397
48549,1731,2017-08-29,1,29,8,2017,val,46.46,6,3,24,102,2,28.0,0.0,8,6,4,10,0,0,1731,1130.8764731007977
48550,1732,2017-08-30,2,30,8,2017,val,45.96,6,3,24,102,2,28.0,0.0,8,6,4,10,0,0,1732,1010.9811491009019
48551,1733,2017-08-31,3,31,8,2017,val,47.26,6,3,24,102,2,28.0,0.0,8,6,4,10,0,0,1733,1010.9811491009019
50270,1718,2017-08-16,2,16,8,2017,val,46.8,6,3,24,102,2,29.0,0.0,8,6,4,10,0,0,1718,982.5097769644301
50271,1719,2017-08-17,3,17,8,2017,val,47.07,6,3,24,102,2,29.0,0.0,8,6,4,10,0,0,1719,982.5097769644301
50272,1720,2017-08-18,4,18,8,2017,val,48.59,6,3,24,102,2,29.0,0.0,8,6,4,10,0,0,1720,982.5097769644301
50273,1721,2017-08-19,5,19,8,2017,val,48.190000000000005,6,3,24,102,2,29.0,0.0,8,6,4,10,0,0,1721,1202.6794355957015
50274,1722,2017-08-20,6,20,8,2017,val,47.79,6,3,24,102,2,29.0,0.0,8,6,4,10,0,0,1722,1247.1906499059874
50275,1723,2017-08-21,0,21,8,2017,val,47.39,6,3,24,102,2,29.0,0.0,8,6,4,10,0,0,1723,996.4299342581169
50276,1724,2017-08-22,1,22,8,2017,val,47.65,6,3,24,102,2,29.0,0.0,8,6,4,10,0,0,1724,996.4299342581169
50277,1725,2017-08-23,2,23,8,2017,val,48.45,6,3,24,102,2,29.0,0.0,8,6,4,10,0,0,1725,982.5097769644301
50278,1726,2017-08-24,3,24,8,2017,val,47.24,3,0,0,17,0,29.0,0.0,8,6,4,10,0,0,1726,982.5097769644301
50279,1727,2017-08-25,4,25,8,2017,val,47.65,6,3,24,102,2,29.0,0.0,8,6,4,10,0,0,1727,982.5097769644301
50280,1728,2017-08-26,5,26,8,2017,val,47.23333333333333,6,3,24,102,2,29.0,0.0,8,6,4,10,0,0,1728,1202.6794355957015
50281,1729,2017-08-27,6,27,8,2017,val,46.81666666666666,6,3,24,102,2,29.0,0.0,8,6,4,10,0,0,1729,1247.1906499059874
50282,1730,2017-08-28,0,28,8,2017,val,46.4,6,3,24,102,2,29.0,0.0,8,6,4,10,0,0,1730,996.4299342581169
50283,1731,2017-08-29,1,29,8,2017,val,46.46,6,3,24,102,2,29.0,0.0,8,6,4,10,0,0,1731,996.4299342581169
50284,1732,2017-08-30,2,30,8,2017,val,45.96,6,3,24,102,2,29.0,0.0,8,6,4,10,0,0,1732,982.5097769644301
50285,1733,2017-08-31,3,31,8,2017,val,47.26,6,3,24,102,2,29.0,0.0,8,6,4,10,0,0,1733,982.5097769644301
52004,1718,2017-08-16,2,16,8,2017,val,46.8,6,3,24,102,2,30.0,0.0,8,6,2,3,0,0,1718,701.19518916362
52005,1719,2017-08-17,3,17,8,2017,val,47.07,6,3,24,102,2,30.0,0.0,8,6,2,3,0,0,1719,701.19518916362
52006,1720,2017-08-18,4,18,8,2017,val,48.59,6,3,24,102,2,30.0,0.0,8,6,2,3,0,0,1720,701.19518916362
52007,1721,2017-08-19,5,19,8,2017,val,48.190000000000005,6,3,24,102,2,30.0,0.0,8,6,2,3,0,0,1721,696.1321915552619
52008,1722,2017-08-20,6,20,8,2017,val,47.79,6,3,24,102,2,30.0,0.0,8,6,2,3,0,0,1722,691.5382240024101
52009,1723,2017-08-21,0,21,8,2017,val,47.39,6,3,24,102,2,30.0,0.0,8,6,2,3,0,0,1723,701.19518916362
52010,1724,2017-08-22,1,22,8,2017,val,47.65,6,3,24,102,2,30.0,0.0,8,6,2,3,0,0,1724,701.19518916362
52011,1725,2017-08-23,2,23,8,2017,val,48.45,6,3,24,102,2,30.0,0.0,8,6,2,3,0,0,1725,701.19518916362
52012,1726,2017-08-24,3,24,8,2017,val,47.24,3,0,0,17,0,30.0,0.0,8,6,2,3,0,0,1726,701.19518916362
52013,1727,2017-08-25,4,25,8,2017,val,47.65,6,3,24,102,2,30.0,0.0,8,6,2,3,0,0,1727,701.19518916362
52014,1728,2017-08-26,5,26,8,2017,val,47.23333333333333,6,3,24,102,2,30.0,0.0,8,6,2,3,0,0,1728,696.1321915552619
52015,1729,2017-08-27,6,27,8,2017,val,46.81666666666666,6,3,24,102,2,30.0,0.0,8,6,2,3,0,0,1729,691.5382240024101
52016,1730,2017-08-28,0,28,8,2017,val,46.4,6,3,24,102,2,30.0,0.0,8,6,2,3,0,0,1730,701.19518916362
52017,1731,2017-08-29,1,29,8,2017,val,46.46,6,3,24,102,2,30.0,0.0,8,6,2,3,0,0,1731,701.19518916362
52018,1732,2017-08-30,2,30,8,2017,val,45.96,6,3,24,102,2,30.0,0.0,8,6,2,3,0,0,1732,701.19518916362
52019,1733,2017-08-31,3,31,8,2017,val,47.26,6,3,24,102,2,30.0,0.0,8,6,2,3,0,0,1733,701.19518916362
53738,1718,2017-08-16,2,16,8,2017,val,46.8,6,3,24,102,2,31.0,0.0,1,9,1,10,0,0,1718,1211.1220069984436
53739,1719,2017-08-17,3,17,8,2017,val,47.07,6,3,24,102,2,31.0,0.0,1,9,1,10,0,0,1719,1292.1843195187728
53740,1720,2017-08-18,4,18,8,2017,val,48.59,6,3,24,102,2,31.0,0.0,1,9,1,10,0,0,1720,1292.1843195187728
53741,1721,2017-08-19,5,19,8,2017,val,48.190000000000005,6,3,24,102,2,31.0,0.0,1,9,1,10,0,0,1721,1703.697338158917
53742,1722,2017-08-20,6,20,8,2017,val,47.79,6,3,24,102,2,31.0,0.0,1,9,1,10,0,0,1722,1742.9994173521577
53743,1723,2017-08-21,0,21,8,2017,val,47.39,6,3,24,102,2,31.0,0.0,1,9,1,10,0,0,1723,1449.5405327007209
53744,1724,2017-08-22,1,22,8,2017,val,47.65,6,3,24,102,2,31.0,0.0,1,9,1,10,0,0,1724,1403.6279114276426
53745,1725,2017-08-23,2,23,8,2017,val,48.45,6,3,24,102,2,31.0,0.0,1,9,1,10,0,0,1725,1163.071998149213
53746,1726,2017-08-24,3,24,8,2017,val,47.24,3,0,0,17,0,31.0,0.0,1,9,1,10,0,0,1726,1258.4966776823396
53747,1727,2017-08-25,4,25,8,2017,val,47.65,6,3,24,102,2,31.0,0.0,1,9,1,10,0,0,1727,1256.3692570342098
53748,1728,2017-08-26,5,26,8,2017,val,47.23333333333333,6,3,24,102,2,31.0,0.0,1,9,1,10,0,0,1728,1693.5437413209722
53749,1729,2017-08-27,6,27,8,2017,val,46.81666666666666,6,3,24,102,2,31.0,0.0,1,9,1,10,0,0,1729,1723.6594173521578
53750,1730,2017-08-28,0,28,8,2017,val,46.4,6,3,24,102,2,31.0,0.0,1,9,1,10,0,0,1730,1309.3013267709273
53751,1731,2017-08-29,1,29,8,2017,val,46.46,6,3,24,102,2,31.0,0.0,1,9,1,10,0,0,1731,1313.3249958945964
53752,1732,2017-08-30,2,30,8,2017,val,45.96,6,3,24,102,2,31.0,0.0,1,9,1,10,0,0,1732,1163.071998149213
53753,1733,2017-08-31,3,31,8,2017,val,47.26,6,3,24,102,2,31.0,0.0,1,9,1,10,0,0,1733,1256.3692570342098
55472,1718,2017-08-16,2,16,8,2017,val,46.8,6,3,24,102,2,32.0,0.0,8,6,2,3,0,0,1718,624.4338491053775
55473,1719,2017-08-17,3,17,8,2017,val,47.07,6,3,24,102,2,32.0,0.0,8,6,2,3,0,0,1719,624.4338491053775
55474,1720,2017-08-18,4,18,8,2017,val,48.59,6,3,24,102,2,32.0,0.0,8,6,2,3,0,0,1720,624.4338491053775
55475,1721,2017-08-19,5,19,8,2017,val,48.190000000000005,6,3,24,102,2,32.0,0.0,8,6,2,3,0,0,1721,645.2928134799652
55476,1722,2017-08-20,6,20,8,2017,val,47.79,6,3,24,102,2,32.0,0.0,8,6,2,3,0,0,1722,640.6988459271136
55477,1723,2017-08-21,0,21,8,2017,val,47.39,6,3,24,102,2,32.0,0.0,8,6,2,3,0,0,1723,629.4701281325833
55478,1724,2017-08-22,1,22,8,2017,val,47.65,6,3,24,102,2,32.0,0.0,8,6,2,3,0,0,1724,629.4701281325833
55479,1725,2017-08-23,2,23,8,2017,val,48.45,6,3,24,102,2,32.0,0.0,8,6,2,3,0,0,1725,624.4338491053775
55480,1726,2017-08-24,3,24,8,2017,val,47.24,3,0,0,17,0,32.0,0.0,8,6,2,3,0,0,1726,624.4338491053775
55481,1727,2017-08-25,4,25,8,2017,val,47.65,6,3,24,102,2,32.0,0.0,8,6,2,3,0,0,1727,624.4338491053775
55482,1728,2017-08-26,5,26,8,2017,val,47.23333333333333,6,3,24,102,2,32.0,0.0,8,6,2,3,0,0,1728,645.2928134799652
55483,1729,2017-08-27,6,27,8,2017,val,46.81666666666666,6,3,24,102,2,32.0,0.0,8,6,2,3,0,0,1729,640.6988459271136
55484,1730,2017-08-28,0,28,8,2017,val,46.4,6,3,24,102,2,32.0,0.0,8,6,2,3,0,0,1730,629.4701281325833
55485,1731,2017-08-29,1,29,8,2017,val,46.46,6,3,24,102,2,32.0,0.0,8,6,2,3,0,0,1731,629.4701281325833
55486,1732,2017-08-30,2,30,8,2017,val,45.96,6,3,24,102,2,32.0,0.0,8,6,2,3,0,0,1732,624.4338491053775
55487,1733,2017-08-31,3,31,8,2017,val,47.26,6,3,24,102,2,32.0,0.0,8,6,2,3,0,0,1733,624.4338491053775
57206,1718,2017-08-16,2,16,8,2017,val,46.8,6,3,24,102,2,33.0,0.0,17,9,2,3,0,0,1718,917.0892730789292
57207,1719,2017-08-17,3,17,8,2017,val,47.07,6,3,24,102,2,33.0,0.0,17,9,2,3,0,0,1719,917.0892730789292
57208,1720,2017-08-18,4,18,8,2017,val,48.59,6,3,24,102,2,33.0,0.0,17,9,2,3,0,0,1720,909.9203250434412
57209,1721,2017-08-19,5,19,8,2017,val,48.190000000000005,6,3,24,102,2,33.0,0.0,17,9,2,3,0,0,1721,1136.8347145030962
57210,1722,2017-08-20,6,20,8,2017,val,47.79,6,3,24,102,2,33.0,0.0,17,9,2,3,0,0,1722,1121.7972145030963
57211,1723,2017-08-21,0,21,8,2017,val,47.39,6,3,24,102,2,33.0,0.0,17,9,2,3,0,0,1723,1038.8228995993982
57212,1724,2017-08-22,1,22,8,2017,val,47.65,6,3,24,102,2,33.0,0.0,17,9,2,3,0,0,1724,1038.8228995993982
57213,1725,2017-08-23,2,23,8,2017,val,48.45,6,3,24,102,2,33.0,0.0,17,9,2,3,0,0,1725,917.0892730789292
57214,1726,2017-08-24,3,24,8,2017,val,47.24,3,0,0,17,0,33.0,0.0,17,9,2,3,0,0,1726,899.0259132707075
57215,1727,2017-08-25,4,25,8,2017,val,47.65,6,3,24,102,2,33.0,0.0,17,9,2,3,0,0,1727,909.9203250434412
57216,1728,2017-08-26,5,26,8,2017,val,47.23333333333333,6,3,24,102,2,33.0,0.0,17,9,2,3,0,0,1728,1136.8347145030962
57217,1729,2017-08-27,6,27,8,2017,val,46.81666666666666,6,3,24,102,2,33.0,0.0,17,9,2,3,0,0,1729,1121.7972145030963
57218,1730,2017-08-28,0,28,8,2017,val,46.4,6,3,24,102,2,33.0,0.0,17,9,2,3,0,0,1730,1015.8636013721491
57219,1731,2017-08-29,1,29,8,2017,val,46.46,6,3,24,102,2,33.0,0.0,17,9,2,3,0,0,1731,1015.8636013721491
57220,1732,2017-08-30,2,30,8,2017,val,45.96,6,3,24,102,2,33.0,0.0,17,9,2,3,0,0,1732,917.0892730789292
57221,1733,2017-08-31,3,31,8,2017,val,47.26,6,3,24,102,2,33.0,0.0,17,9,2,3,0,0,1733,917.0892730789292
58940,1718,2017-08-16,2,16,8,2017,val,46.8,6,3,24,102,2,34.0,0.0,8,6,1,6,0,0,1718,2068.3822700227115
58941,1719,2017-08-17,3,17,8,2017,val,47.07,6,3,24,102,2,34.0,0.0,8,6,1,6,0,0,1719,2025.2179843084261
58942,1720,2017-08-18,4,18,8,2017,val,48.59,6,3,24,102,2,34.0,0.0,8,6,1,6,0,0,1720,2617.959549114332
58943,1721,2017-08-19,5,19,8,2017,val,48.190000000000005,6,3,24,102,2,34.0,0.0,8,6,1,6,0,0,1721,2724.3685714285716
58944,1722,2017-08-20,6,20,8,2017,val,47.79,6,3,24,102,2,34.0,0.0,8,6,1,6,0,0,1722,2204.2157607962213
58945,1723,2017-08-21,0,21,8,2017,val,47.39,6,3,24,102,2,34.0,0.0,8,6,1,6,0,0,1723,2113.574936275527
58946,1724,2017-08-22,1,22,8,2017,val,47.65,6,3,24,102,2,34.0,0.0,8,6,1,6,0,0,1724,2073.588877499359
58947,1725,2017-08-23,2,23,8,2017,val,48.45,6,3,24,102,2,34.0,0.0,8,6,1,6,0,0,1725,2071.5077944862155
58948,1726,2017-08-24,3,24,8,2017,val,47.24,3,0,0,17,0,34.0,0.0,8,6,1,6,0,0,1726,1989.56350877193
58949,1727,2017-08-25,4,25,8,2017,val,47.65,6,3,24,102,2,34.0,0.0,8,6,1,6,0,0,1727,2443.0402898550724
58950,1728,2017-08-26,5,26,8,2017,val,47.23333333333333,6,3,24,102,2,34.0,0.0,8,6,1,6,0,0,1728,2602.976753246753
58951,1729,2017-08-27,6,27,8,2017,val,46.81666666666666,6,3,24,102,2,34.0,0.0,8,6,1,6,0,0,1729,2171.103026018099
58952,1730,2017-08-28,0,28,8,2017,val,46.4,6,3,24,102,2,34.0,0.0,8,6,1,6,0,0,1730,2107.3179759399054
58953,1731,2017-08-29,1,29,8,2017,val,46.46,6,3,24,102,2,34.0,0.0,8,6,1,6,0,0,1731,2044.1467722362013
58954,1732,2017-08-30,2,30,8,2017,val,45.96,6,3,24,102,2,34.0,0.0,8,6,1,6,0,0,1732,1973.2411278195486
58955,1733,2017-08-31,3,31,8,2017,val,47.26,6,3,24,102,2,34.0,0.0,8,6,1,6,0,0,1733,1917.8768421052632
60674,1718,2017-08-16,2,16,8,2017,val,46.8,6,3,24,102,2,35.0,0.0,15,6,2,3,0,0,1718,664.5282988116523
60675,1719,2017-08-17,3,17,8,2017,val,47.07,6,3,24,102,2,35.0,0.0,15,6,2,3,0,0,1719,664.5282988116523
60676,1720,2017-08-18,4,18,8,2017,val,48.59,6,3,24,102,2,35.0,0.0,15,6,2,3,0,0,1720,664.5282988116523
60677,1721,2017-08-19,5,19,8,2017,val,48.190000000000005,6,3,24,102,2,35.0,0.0,15,6,2,3,0,0,1721,783.9474920348754
60678,1722,2017-08-20,6,20,8,2017,val,47.79,6,3,24,102,2,35.0,0.0,15,6,2,3,0,0,1722,779.3535244820238
60679,1723,2017-08-21,0,21,8,2017,val,47.39,6,3,24,102,2,35.0,0.0,15,6,2,3,0,0,1723,669.5645778388582
60680,1724,2017-08-22,1,22,8,2017,val,47.65,6,3,24,102,2,35.0,0.0,15,6,2,3,0,0,1724,669.5645778388582
60681,1725,2017-08-23,2,23,8,2017,val,48.45,6,3,24,102,2,35.0,0.0,15,6,2,3,0,0,1725,664.5282988116523
60682,1726,2017-08-24,3,24,8,2017,val,47.24,3,0,0,17,0,35.0,0.0,15,6,2,3,0,0,1726,664.5282988116523
60683,1727,2017-08-25,4,25,8,2017,val,47.65,6,3,24,102,2,35.0,0.0,15,6,2,3,0,0,1727,664.5282988116523
60684,1728,2017-08-26,5,26,8,2017,val,47.23333333333333,6,3,24,102,2,35.0,0.0,15,6,2,3,0,0,1728,783.9474920348754
60685,1729,2017-08-27,6,27,8,2017,val,46.81666666666666,6,3,24,102,2,35.0,0.0,15,6,2,3,0,0,1729,779.3535244820238
60686,1730,2017-08-28,0,28,8,2017,val,46.4,6,3,24,102,2,35.0,0.0,15,6,2,3,0,0,1730,669.5645778388582
60687,1731,2017-08-29,1,29,8,2017,val,46.46,6,3,24,102,2,35.0,0.0,15,6,2,3,0,0,1731,669.5645778388582
60688,1732,2017-08-30,2,30,8,2017,val,45.96,6,3,24,102,2,35.0,0.0,15,6,2,3,0,0,1732,664.5282988116523
60689,1733,2017-08-31,3,31,8,2017,val,47.26,6,3,24,102,2,35.0,0.0,15,6,2,3,0,0,1733,664.5282988116523
62408,1718,2017-08-16,2,16,8,2017,val,46.8,6,3,24,102,2,36.0,0.0,11,6,4,10,0,0,1718,1143.3971952145243
62409,1719,2017-08-17,3,17,8,2017,val,47.07,6,3,24,102,2,36.0,0.0,11,6,4,10,0,0,1719,1143.3971952145243
62410,1720,2017-08-18,4,18,8,2017,val,48.59,6,3,24,102,2,36.0,0.0,11,6,4,10,0,0,1720,1143.3971952145243
62411,1721,2017-08-19,5,19,8,2017,val,48.190000000000005,6,3,24,102,2,36.0,0.0,11,6,4,10,0,0,1721,1315.3332622038502
62412,1722,2017-08-20,6,20,8,2017,val,47.79,6,3,24,102,2,36.0,0.0,11,6,4,10,0,0,1722,1315.3332622038502
62413,1723,2017-08-21,0,21,8,2017,val,47.39,6,3,24,102,2,36.0,0.0,11,6,4,10,0,0,1723,1168.1812250003445
62414,1724,2017-08-22,1,22,8,2017,val,47.65,6,3,24,102,2,36.0,0.0,11,6,4,10,0,0,1724,1168.1812250003445
62415,1725,2017-08-23,2,23,8,2017,val,48.45,6,3,24,102,2,36.0,0.0,11,6,4,10,0,0,1725,1143.3971952145243
62416,1726,2017-08-24,3,24,8,2017,val,47.24,3,0,0,17,0,36.0,0.0,11,6,4,10,0,0,1726,1143.3971952145243
62417,1727,2017-08-25,4,25,8,2017,val,47.65,6,3,24,102,2,36.0,0.0,11,6,4,10,0,0,1727,1143.3971952145243
62418,1728,2017-08-26,5,26,8,2017,val,47.23333333333333,6,3,24,102,2,36.0,0.0,11,6,4,10,0,0,1728,1315.3332622038502
62419,1729,2017-08-27,6,27,8,2017,val,46.81666666666666,6,3,24,102,2,36.0,0.0,11,6,4,10,0,0,1729,1315.3332622038502
62420,1730,2017-08-28,0,28,8,2017,val,46.4,6,3,24,102,2,36.0,0.0,11,6,4,10,0,0,1730,1168.1812250003445
62421,1731,2017-08-29,1,29,8,2017,val,46.46,6,3,24,102,2,36.0,0.0,11,6,4,10,0,0,1731,1168.1812250003445
62422,1732,2017-08-30,2,30,8,2017,val,45.96,6,3,24,102,2,36.0,0.0,11,6,4,10,0,0,1732,1143.3971952145243
62423,1733,2017-08-31,3,31,8,2017,val,47.26,6,3,24,102,2,36.0,0.0,11,6,4,10,0,0,1733,1143.3971952145243
64142,1718,2017-08-16,2,16,8,2017,val,46.8,6,3,24,102,2,37.0,0.0,3,0,3,2,0,0,1718,1503.101364232331
64143,1719,2017-08-17,3,17,8,2017,val,47.07,6,3,24,102,2,37.0,0.0,3,0,3,2,0,0,1719,1503.101364232331
64144,1720,2017-08-18,4,18,8,2017,val,48.59,6,3,24,102,2,37.0,0.0,3,0,3,2,0,0,1720,1512.8510227054785
64145,1721,2017-08-19,5,19,8,2017,val,48.190000000000005,6,3,24,102,2,37.0,0.0,3,0,3,2,0,0,1721,1558.0995568627054
64146,1722,2017-08-20,6,20,8,2017,val,47.79,6,3,24,102,2,37.0,0.0,3,0,3,2,0,0,1722,1171.2181086705682
64147,1723,2017-08-21,0,21,8,2017,val,47.39,6,3,24,102,2,37.0,0.0,3,0,3,2,0,0,1723,1498.2474095478722
64148,1724,2017-08-22,1,22,8,2017,val,47.65,6,3,24,102,2,37.0,0.0,3,0,3,2,0,0,1724,1498.2474095478722
64149,1725,2017-08-23,2,23,8,2017,val,48.45,6,3,24,102,2,37.0,0.0,3,0,3,2,0,0,1725,1503.101364232331
64150,1726,2017-08-24,3,24,8,2017,val,47.24,3,0,0,17,0,37.0,0.0,3,0,3,2,0,0,1726,1376.638872836205
64151,1727,2017-08-25,4,25,8,2017,val,47.65,6,3,24,102,2,37.0,0.0,3,0,3,2,0,0,1727,1512.8510227054785
64152,1728,2017-08-26,5,26,8,2017,val,47.23333333333333,6,3,24,102,2,37.0,0.0,3,0,3,2,0,0,1728,1558.0995568627054
64153,1729,2017-08-27,6,27,8,2017,val,46.81666666666666,6,3,24,102,2,37.0,0.0,3,0,3,2,0,0,1729,1171.2181086705682
64154,1730,2017-08-28,0,28,8,2017,val,46.4,6,3,24,102,2,37.0,0.0,3,0,3,2,0,0,1730,1498.2474095478722
64155,1731,2017-08-29,1,29,8,2017,val,46.46,6,3,24,102,2,37.0,0.0,3,0,3,2,0,0,1731,1498.2474095478722
64156,1732,2017-08-30,2,30,8,2017,val,45.96,6,3,24,102,2,37.0,0.0,3,0,3,2,0,0,1732,1503.101364232331
64157,1733,2017-08-31,3,31,8,2017,val,47.26,6,3,24,102,2,37.0,0.0,3,0,3,2,0,0,1733,1503.101364232331
65876,1718,2017-08-16,2,16,8,2017,val,46.8,6,3,24,102,2,38.0,0.0,12,8,3,4,0,0,1718,1387.8376418480423
65877,1719,2017-08-17,3,17,8,2017,val,47.07,6,3,24,102,2,38.0,0.0,12,8,3,4,0,0,1719,1374.851931736996
65878,1720,2017-08-18,4,18,8,2017,val,48.59,6,3,24,102,2,38.0,0.0,12,8,3,4,0,0,1720,1401.3111422633121
65879,1721,2017-08-19,5,19,8,2017,val,48.190000000000005,6,3,24,102,2,38.0,0.0,12,8,3,4,0,0,1721,2188.2432692307693
65880,1722,2017-08-20,6,20,8,2017,val,47.79,6,3,24,102,2,38.0,0.0,12,8,3,4,0,0,1722,2039.5918055555553
65881,1723,2017-08-21,0,21,8,2017,val,47.39,6,3,24,102,2,38.0,0.0,12,8,3,4,0,0,1723,1374.851931736996
65882,1724,2017-08-22,1,22,8,2017,val,47.65,6,3,24,102,2,38.0,0.0,12,8,3,4,0,0,1724,1359.4794741098774
65883,1725,2017-08-23,2,23,8,2017,val,48.45,6,3,24,102,2,38.0,0.0,12,8,3,4,0,0,1725,1359.4794741098774
65884,1726,2017-08-24,3,24,8,2017,val,47.24,3,0,0,17,0,38.0,0.0,12,8,3,4,0,0,1726,1383.8610996017185
65885,1727,2017-08-25,4,25,8,2017,val,47.65,6,3,24,102,2,38.0,0.0,12,8,3,4,0,0,1727,1372.1246370171457
65886,1728,2017-08-26,5,26,8,2017,val,47.23333333333333,6,3,24,102,2,38.0,0.0,12,8,3,4,0,0,1728,2153.0132692307693
65887,1729,2017-08-27,6,27,8,2017,val,46.81666666666666,6,3,24,102,2,38.0,0.0,12,8,3,4,0,0,1729,2047.0668055555554
65888,1730,2017-08-28,0,28,8,2017,val,46.4,6,3,24,102,2,38.0,0.0,12,8,3,4,0,0,1730,1324.1241427801358
65889,1731,2017-08-29,1,29,8,2017,val,46.46,6,3,24,102,2,38.0,0.0,12,8,3,4,0,0,1731,1324.1241427801358
65890,1732,2017-08-30,2,30,8,2017,val,45.96,6,3,24,102,2,38.0,0.0,12,8,3,4,0,0,1732,1324.1241427801358
65891,1733,2017-08-31,3,31,8,2017,val,47.26,6,3,24,102,2,38.0,0.0,12,8,3,4,0,0,1733,1324.1241427801358
67610,1718,2017-08-16,2,16,8,2017,val,46.8,6,3,24,102,2,39.0,0.0,3,0,1,6,0,0,1718,1232.3718093205339
67611,1719,2017-08-17,3,17,8,2017,val,47.07,6,3,24,102,2,39.0,0.0,3,0,1,6,0,0,1719,1292.1843195187728
67612,1720,2017-08-18,4,18,8,2017,val,48.59,6,3,24,102,2,39.0,0.0,3,0,1,6,0,0,1720,1292.1843195187728
67613,1721,2017-08-19,5,19,8,2017,val,48.190000000000005,6,3,24,102,2,39.0,0.0,3,0,1,6,0,0,1721,1607.1227647980459
67614,1722,2017-08-20,6,20,8,2017,val,47.79,6,3,24,102,2,39.0,0.0,3,0,1,6,0,0,1722,1505.5140222785344
67615,1723,2017-08-21,0,21,8,2017,val,47.39,6,3,24,102,2,39.0,0.0,3,0,1,6,0,0,1723,1449.5405327007209
67616,1724,2017-08-22,1,22,8,2017,val,47.65,6,3,24,102,2,39.0,0.0,3,0,1,6,0,0,1724,1404.319386523428
67617,1725,2017-08-23,2,23,8,2017,val,48.45,6,3,24,102,2,39.0,0.0,3,0,1,6,0,0,1725,1190.7556676951513
67618,1726,2017-08-24,3,24,8,2017,val,47.24,3,0,0,17,0,39.0,0.0,3,0,1,6,0,0,1726,1267.1787014918634
67619,1727,2017-08-25,4,25,8,2017,val,47.65,6,3,24,102,2,39.0,0.0,3,0,1,6,0,0,1727,1265.0512808437338
67620,1728,2017-08-26,5,26,8,2017,val,47.23333333333333,6,3,24,102,2,39.0,0.0,3,0,1,6,0,0,1728,1607.1227647980459
67621,1729,2017-08-27,6,27,8,2017,val,46.81666666666666,6,3,24,102,2,39.0,0.0,3,0,1,6,0,0,1729,1493.2610606060605
67622,1730,2017-08-28,0,28,8,2017,val,46.4,6,3,24,102,2,39.0,0.0,3,0,1,6,0,0,1730,1304.8230293061845
67623,1731,2017-08-29,1,29,8,2017,val,46.46,6,3,24,102,2,39.0,0.0,3,0,1,6,0,0,1731,1308.8466984298534
67624,1732,2017-08-30,2,30,8,2017,val,45.96,6,3,24,102,2,39.0,0.0,3,0,1,6,0,0,1732,1197.4267203267298
67625,1733,2017-08-31,3,31,8,2017,val,47.26,6,3,24,102,2,39.0,0.0,3,0,1,6,0,0,1733,1265.0512808437338
69344,1718,2017-08-16,2,16,8,2017,val,46.8,6,3,24,102,2,40.0,0.0,13,4,2,3,0,0,1718,1267.3622062284542
69345,1719,2017-08-17,3,17,8,2017,val,47.07,6,3,24,102,2,40.0,0.0,13,4,2,3,0,0,1719,1267.3622062284542
69346,1720,2017-08-18,4,18,8,2017,val,48.59,6,3,24,102,2,40.0,0.0,13,4,2,3,0,0,1720,1267.3622062284542
69347,1721,2017-08-19,5,19,8,2017,val,48.190000000000005,6,3,24,102,2,40.0,0.0,13,4,2,3,0,0,1721,1396.5565319047898
69348,1722,2017-08-20,6,20,8,2017,val,47.79,6,3,24,102,2,40.0,0.0,13,4,2,3,0,0,1722,1216.844570742354
69349,1723,2017-08-21,0,21,8,2017,val,47.39,6,3,24,102,2,40.0,0.0,13,4,2,3,0,0,1723,1388.020141352917
69350,1724,2017-08-22,1,22,8,2017,val,47.65,6,3,24,102,2,40.0,0.0,13,4,2,3,0,0,1724,1370.4265330337246
69351,1725,2017-08-23,2,23,8,2017,val,48.45,6,3,24,102,2,40.0,0.0,13,4,2,3,0,0,1725,1267.3622062284542
69352,1726,2017-08-24,3,24,8,2017,val,47.24,3,0,0,17,0,40.0,0.0,13,4,2,3,0,0,1726,1220.3886312641582
69353,1727,2017-08-25,4,25,8,2017,val,47.65,6,3,24,102,2,40.0,0.0,13,4,2,3,0,0,1727,1256.6875257042198
69354,1728,2017-08-26,5,26,8,2017,val,47.23333333333333,6,3,24,102,2,40.0,0.0,13,4,2,3,0,0,1728,1385.8818513805554
69355,1729,2017-08-27,6,27,8,2017,val,46.81666666666666,6,3,24,102,2,40.0,0.0,13,4,2,3,0,0,1729,1206.1698902181197
69356,1730,2017-08-28,0,28,8,2017,val,46.4,6,3,24,102,2,40.0,0.0,13,4,2,3,0,0,1730,1388.020141352917
69357,1731,2017-08-29,1,29,8,2017,val,46.46,6,3,24,102,2,40.0,0.0,13,4,2,3,0,0,1731,1370.4265330337246
69358,1732,2017-08-30,2,30,8,2017,val,45.96,6,3,24,102,2,40.0,0.0,13,4,2,3,0,0,1732,1256.6875257042198
69359,1733,2017-08-31,3,31,8,2017,val,47.26,6,3,24,102,2,40.0,0.0,13,4,2,3,0,0,1733,1256.6875257042198
71078,1718,2017-08-16,2,16,8,2017,val,46.8,6,3,24,102,2,41.0,0.0,13,4,3,4,0,0,1718,948.8175850979256
71079,1719,2017-08-17,3,17,8,2017,val,47.07,6,3,24,102,2,41.0,0.0,13,4,3,4,0,0,1719,948.8175850979256
71080,1720,2017-08-18,4,18,8,2017,val,48.59,6,3,24,102,2,41.0,0.0,13,4,3,4,0,0,1720,948.8175850979256
71081,1721,2017-08-19,5,19,8,2017,val,48.190000000000005,6,3,24,102,2,41.0,0.0,13,4,3,4,0,0,1721,1357.837298116395
71082,1722,2017-08-20,6,20,8,2017,val,47.79,6,3,24,102,2,41.0,0.0,13,4,3,4,0,0,1722,1351.1805660688847
71083,1723,2017-08-21,0,21,8,2017,val,47.39,6,3,24,102,2,41.0,0.0,13,4,3,4,0,0,1723,948.8175850979256
71084,1724,2017-08-22,1,22,8,2017,val,47.65,6,3,24,102,2,41.0,0.0,13,4,3,4,0,0,1724,948.8175850979256
71085,1725,2017-08-23,2,23,8,2017,val,48.45,6,3,24,102,2,41.0,0.0,13,4,3,4,0,0,1725,941.2636459035951
71086,1726,2017-08-24,3,24,8,2017,val,47.24,3,0,0,17,0,41.0,0.0,13,4,3,4,0,0,1726,941.2636459035951
71087,1727,2017-08-25,4,25,8,2017,val,47.65,6,3,24,102,2,41.0,0.0,13,4,3,4,0,0,1727,941.2636459035951
71088,1728,2017-08-26,5,26,8,2017,val,47.23333333333333,6,3,24,102,2,41.0,0.0,13,4,3,4,0,0,1728,1357.837298116395
71089,1729,2017-08-27,6,27,8,2017,val,46.81666666666666,6,3,24,102,2,41.0,0.0,13,4,3,4,0,0,1729,1351.1805660688847
71090,1730,2017-08-28,0,28,8,2017,val,46.4,6,3,24,102,2,41.0,0.0,13,4,3,4,0,0,1730,941.2636459035951
71091,1731,2017-08-29,1,29,8,2017,val,46.46,6,3,24,102,2,41.0,0.0,13,4,3,4,0,0,1731,941.2636459035951
71092,1732,2017-08-30,2,30,8,2017,val,45.96,6,3,24,102,2,41.0,0.0,13,4,3,4,0,0,1732,941.2636459035951
71093,1733,2017-08-31,3,31,8,2017,val,47.26,6,3,24,102,2,41.0,0.0,13,4,3,4,0,0,1733,941.2636459035951
72812,1718,2017-08-16,2,16,8,2017,val,46.8,6,3,24,102,2,42.0,0.0,3,0,3,2,0,0,1718,930.595241014026
72813,1719,2017-08-17,3,17,8,2017,val,47.07,6,3,24,102,2,42.0,0.0,3,0,3,2,0,0,1719,930.595241014026
72814,1720,2017-08-18,4,18,8,2017,val,48.59,6,3,24,102,2,42.0,0.0,3,0,3,2,0,0,1720,930.595241014026
72815,1721,2017-08-19,5,19,8,2017,val,48.190000000000005,6,3,24,102,2,42.0,0.0,3,0,3,2,0,0,1721,1462.7605906679637
72816,1722,2017-08-20,6,20,8,2017,val,47.79,6,3,24,102,2,42.0,0.0,3,0,3,2,0,0,1722,1462.7605906679637
72817,1723,2017-08-21,0,21,8,2017,val,47.39,6,3,24,102,2,42.0,0.0,3,0,3,2,0,0,1723,930.595241014026
72818,1724,2017-08-22,1,22,8,2017,val,47.65,6,3,24,102,2,42.0,0.0,3,0,3,2,0,0,1724,930.595241014026
72819,1725,2017-08-23,2,23,8,2017,val,48.45,6,3,24,102,2,42.0,0.0,3,0,3,2,0,0,1725,930.595241014026
72820,1726,2017-08-24,3,24,8,2017,val,47.24,3,0,0,17,0,42.0,0.0,3,0,3,2,0,0,1726,918.8875346875486
72821,1727,2017-08-25,4,25,8,2017,val,47.65,6,3,24,102,2,42.0,0.0,3,0,3,2,0,0,1727,930.595241014026
72822,1728,2017-08-26,5,26,8,2017,val,47.23333333333333,6,3,24,102,2,42.0,0.0,3,0,3,2,0,0,1728,1442.791543048916
72823,1729,2017-08-27,6,27,8,2017,val,46.81666666666666,6,3,24,102,2,42.0,0.0,3,0,3,2,0,0,1729,1442.791543048916
72824,1730,2017-08-28,0,28,8,2017,val,46.4,6,3,24,102,2,42.0,0.0,3,0,3,2,0,0,1730,930.595241014026
72825,1731,2017-08-29,1,29,8,2017,val,46.46,6,3,24,102,2,42.0,0.0,3,0,3,2,0,0,1731,930.595241014026
72826,1732,2017-08-30,2,30,8,2017,val,45.96,6,3,24,102,2,42.0,0.0,3,0,3,2,0,0,1732,930.595241014026
72827,1733,2017-08-31,3,31,8,2017,val,47.26,6,3,24,102,2,42.0,0.0,3,0,3,2,0,0,1733,930.595241014026
74546,1718,2017-08-16,2,16,8,2017,val,46.8,6,3,24,102,2,43.0,0.0,6,5,4,10,0,0,1718,1190.4010645241358
74547,1719,2017-08-17,3,17,8,2017,val,47.07,6,3,24,102,2,43.0,0.0,6,5,4,10,0,0,1719,1190.4010645241358
74548,1720,2017-08-18,4,18,8,2017,val,48.59,6,3,24,102,2,43.0,0.0,6,5,4,10,0,0,1720,1308.6458220259274
74549,1721,2017-08-19,5,19,8,2017,val,48.190000000000005,6,3,24,102,2,43.0,0.0,6,5,4,10,0,0,1721,1319.7605279082804
74550,1722,2017-08-20,6,20,8,2017,val,47.79,6,3,24,102,2,43.0,0.0,6,5,4,10,0,0,1722,1319.7605279082804
74551,1723,2017-08-21,0,21,8,2017,val,47.39,6,3,24,102,2,43.0,0.0,6,5,4,10,0,0,1723,1280.343273908113
74552,1724,2017-08-22,1,22,8,2017,val,47.65,6,3,24,102,2,43.0,0.0,6,5,4,10,0,0,1724,1227.4527270675217
74553,1725,2017-08-23,2,23,8,2017,val,48.45,6,3,24,102,2,43.0,0.0,6,5,4,10,0,0,1725,1190.4010645241358
74554,1726,2017-08-24,3,24,8,2017,val,47.24,3,0,0,17,0,43.0,0.0,6,5,4,10,0,0,1726,1190.4010645241358
74555,1727,2017-08-25,4,25,8,2017,val,47.65,6,3,24,102,2,43.0,0.0,6,5,4,10,0,0,1727,1308.6458220259274
74556,1728,2017-08-26,5,26,8,2017,val,47.23333333333333,6,3,24,102,2,43.0,0.0,6,5,4,10,0,0,1728,1319.7605279082804
74557,1729,2017-08-27,6,27,8,2017,val,46.81666666666666,6,3,24,102,2,43.0,0.0,6,5,4,10,0,0,1729,1319.7605279082804
74558,1730,2017-08-28,0,28,8,2017,val,46.4,6,3,24,102,2,43.0,0.0,6,5,4,10,0,0,1730,1280.343273908113
74559,1731,2017-08-29,1,29,8,2017,val,46.46,6,3,24,102,2,43.0,0.0,6,5,4,10,0,0,1731,1227.4527270675217
74560,1732,2017-08-30,2,30,8,2017,val,45.96,6,3,24,102,2,43.0,0.0,6,5,4,10,0,0,1732,1190.4010645241358
74561,1733,2017-08-31,3,31,8,2017,val,47.26,6,3,24,102,2,43.0,0.0,6,5,4,10,0,0,1733,1190.4010645241358
76280,1718,2017-08-16,2,16,8,2017,val,46.8,6,3,24,102,2,44.0,0.0,18,12,0,5,0,0,1718,4188.686493847372
76281,1719,2017-08-17,3,17,8,2017,val,47.07,6,3,24,102,2,44.0,0.0,18,12,0,5,0,0,1719,3733.201099828874
76282,1720,2017-08-18,4,18,8,2017,val,48.59,6,3,24,102,2,44.0,0.0,18,12,0,5,0,0,1720,4320.758112030942
76283,1721,2017-08-19,5,19,8,2017,val,48.190000000000005,6,3,24,102,2,44.0,0.0,18,12,0,5,0,0,1721,4894.756576563959
76284,1722,2017-08-20,6,20,8,2017,val,47.79,6,3,24,102,2,44.0,0.0,18,12,0,5,0,0,1722,4862.27951774043
76285,1723,2017-08-21,0,21,8,2017,val,47.39,6,3,24,102,2,44.0,0.0,18,12,0,5,0,0,1723,3891.3981624040985
76286,1724,2017-08-22,1,22,8,2017,val,47.65,6,3,24,102,2,44.0,0.0,18,12,0,5,0,0,1724,3645.337407778411
76287,1725,2017-08-23,2,23,8,2017,val,48.45,6,3,24,102,2,44.0,0.0,18,12,0,5,0,0,1725,4188.686493847372
76288,1726,2017-08-24,3,24,8,2017,val,47.24,3,0,0,17,0,44.0,0.0,18,12,0,5,0,0,1726,3282.039498432602
76289,1727,2017-08-25,4,25,8,2017,val,47.65,6,3,24,102,2,44.0,0.0,18,12,0,5,0,0,1727,4306.5181120309435
76290,1728,2017-08-26,5,26,8,2017,val,47.23333333333333,6,3,24,102,2,44.0,0.0,18,12,0,5,0,0,1728,4894.756576563959
76291,1729,2017-08-27,6,27,8,2017,val,46.81666666666666,6,3,24,102,2,44.0,0.0,18,12,0,5,0,0,1729,4862.27951774043
76292,1730,2017-08-28,0,28,8,2017,val,46.4,6,3,24,102,2,44.0,0.0,18,12,0,5,0,0,1730,3891.3981624040985
76293,1731,2017-08-29,1,29,8,2017,val,46.46,6,3,24,102,2,44.0,0.0,18,12,0,5,0,0,1731,3645.337407778411
76294,1732,2017-08-30,2,30,8,2017,val,45.96,6,3,24,102,2,44.0,0.0,18,12,0,5,0,0,1732,4173.696263962314
76295,1733,2017-08-31,3,31,8,2017,val,47.26,6,3,24,102,2,44.0,0.0,18,12,0,5,0,0,1733,3766.518209455878
78014,1718,2017-08-16,2,16,8,2017,val,46.8,6,3,24,102,2,45.0,0.0,18,12,0,11,0,0,1718,3121.0331413142985
78015,1719,2017-08-17,3,17,8,2017,val,47.07,6,3,24,102,2,45.0,0.0,18,12,0,11,0,0,1719,3031.3302656318992
78016,1720,2017-08-18,4,18,8,2017,val,48.59,6,3,24,102,2,45.0,0.0,18,12,0,11,0,0,1720,3607.1544194851863
78017,1721,2017-08-19,5,19,8,2017,val,48.190000000000005,6,3,24,102,2,45.0,0.0,18,12,0,11,0,0,1721,4212.629812775691
78018,1722,2017-08-20,6,20,8,2017,val,47.79,6,3,24,102,2,45.0,0.0,18,12,0,11,0,0,1722,4212.629812775691
78019,1723,2017-08-21,0,21,8,2017,val,47.39,6,3,24,102,2,45.0,0.0,18,12,0,11,0,0,1723,3156.8036640764744
78020,1724,2017-08-22,1,22,8,2017,val,47.65,6,3,24,102,2,45.0,0.0,18,12,0,11,0,0,1724,3100.693216427319
78021,1725,2017-08-23,2,23,8,2017,val,48.45,6,3,24,102,2,45.0,0.0,18,12,0,11,0,0,1725,3120.806086797689
78022,1726,2017-08-24,3,24,8,2017,val,47.24,3,0,0,17,0,45.0,0.0,18,12,0,11,0,0,1726,3003.6673853593356
78023,1727,2017-08-25,4,25,8,2017,val,47.65,6,3,24,102,2,45.0,0.0,18,12,0,11,0,0,1727,3527.8495997950727
78024,1728,2017-08-26,5,26,8,2017,val,47.23333333333333,6,3,24,102,2,45.0,0.0,18,12,0,11,0,0,1728,4212.629812775691
78025,1729,2017-08-27,6,27,8,2017,val,46.81666666666666,6,3,24,102,2,45.0,0.0,18,12,0,11,0,0,1729,4202.055966621845
78026,1730,2017-08-28,0,28,8,2017,val,46.4,6,3,24,102,2,45.0,0.0,18,12,0,11,0,0,1730,3077.714270257448
78027,1731,2017-08-29,1,29,8,2017,val,46.46,6,3,24,102,2,45.0,0.0,18,12,0,11,0,0,1731,3085.4688183740404
78028,1732,2017-08-30,2,30,8,2017,val,45.96,6,3,24,102,2,45.0,0.0,18,12,0,11,0,0,1732,3105.5816887444107
78029,1733,2017-08-31,3,31,8,2017,val,47.26,6,3,24,102,2,45.0,0.0,18,12,0,11,0,0,1733,3014.162041524647
79748,1718,2017-08-16,2,16,8,2017,val,46.8,6,3,24,102,2,46.0,0.0,18,12,0,14,0,0,1718,2960.4097766370655
79749,1719,2017-08-17,3,17,8,2017,val,47.07,6,3,24,102,2,46.0,0.0,18,12,0,14,0,0,1719,2954.3066186455944
79750,1720,2017-08-18,4,18,8,2017,val,48.59,6,3,24,102,2,46.0,0.0,18,12,0,14,0,0,1720,3155.8439344844523
79751,1721,2017-08-19,5,19,8,2017,val,48.190000000000005,6,3,24,102,2,46.0,0.0,18,12,0,14,0,0,1721,4355.2327728174605
79752,1722,2017-08-20,6,20,8,2017,val,47.79,6,3,24,102,2,46.0,0.0,18,12,0,14,0,0,1722,4355.2327728174605
79753,1723,2017-08-21,0,21,8,2017,val,47.39,6,3,24,102,2,46.0,0.0,18,12,0,14,0,0,1723,3157.4308048447315
79754,1724,2017-08-22,1,22,8,2017,val,47.65,6,3,24,102,2,46.0,0.0,18,12,0,14,0,0,1724,2913.0436802088834
79755,1725,2017-08-23,2,23,8,2017,val,48.45,6,3,24,102,2,46.0,0.0,18,12,0,14,0,0,1725,2913.0436802088834
79756,1726,2017-08-24,3,24,8,2017,val,47.24,3,0,0,17,0,46.0,0.0,18,12,0,14,0,0,1726,2901.6610718183647
79757,1727,2017-08-25,4,25,8,2017,val,47.65,6,3,24,102,2,46.0,0.0,18,12,0,14,0,0,1727,3137.4215901621083
79758,1728,2017-08-26,5,26,8,2017,val,47.23333333333333,6,3,24,102,2,46.0,0.0,18,12,0,14,0,0,1728,4377.224929680206
79759,1729,2017-08-27,6,27,8,2017,val,46.81666666666666,6,3,24,102,2,46.0,0.0,18,12,0,14,0,0,1729,4377.224929680206
79760,1730,2017-08-28,0,28,8,2017,val,46.4,6,3,24,102,2,46.0,0.0,18,12,0,14,0,0,1730,2971.4657663439402
79761,1731,2017-08-29,1,29,8,2017,val,46.46,6,3,24,102,2,46.0,0.0,18,12,0,14,0,0,1731,2878.1562311741463
79762,1732,2017-08-30,2,30,8,2017,val,45.96,6,3,24,102,2,46.0,0.0,18,12,0,14,0,0,1732,2878.1562311741463
79763,1733,2017-08-31,3,31,8,2017,val,47.26,6,3,24,102,2,46.0,0.0,18,12,0,14,0,0,1733,2902.3904715566596
81482,1718,2017-08-16,2,16,8,2017,val,46.8,6,3,24,102,2,47.0,0.0,18,12,0,14,0,0,1718,3465.4157657732744
81483,1719,2017-08-17,3,17,8,2017,val,47.07,6,3,24,102,2,47.0,0.0,18,12,0,14,0,0,1719,3303.9974600168052
81484,1720,2017-08-18,4,18,8,2017,val,48.59,6,3,24,102,2,47.0,0.0,18,12,0,14,0,0,1720,3692.8802523096956
81485,1721,2017-08-19,5,19,8,2017,val,48.190000000000005,6,3,24,102,2,47.0,0.0,18,12,0,14,0,0,1721,4393.8270890567765
81486,1722,2017-08-20,6,20,8,2017,val,47.79,6,3,24,102,2,47.0,0.0,18,12,0,14,0,0,1722,4351.177089056777
81487,1723,2017-08-21,0,21,8,2017,val,47.39,6,3,24,102,2,47.0,0.0,18,12,0,14,0,0,1723,3488.157993077136
81488,1724,2017-08-22,1,22,8,2017,val,47.65,6,3,24,102,2,47.0,0.0,18,12,0,14,0,0,1724,3369.5996359891265
81489,1725,2017-08-23,2,23,8,2017,val,48.45,6,3,24,102,2,47.0,0.0,18,12,0,14,0,0,1725,3384.3602974623564
81490,1726,2017-08-24,3,24,8,2017,val,47.24,3,0,0,17,0,47.0,0.0,18,12,0,14,0,0,1726,3216.0541155678357
81491,1727,2017-08-25,4,25,8,2017,val,47.65,6,3,24,102,2,47.0,0.0,18,12,0,14,0,0,1727,3599.7107980848077
81492,1728,2017-08-26,5,26,8,2017,val,47.23333333333333,6,3,24,102,2,47.0,0.0,18,12,0,14,0,0,1728,4440.855660485348
81493,1729,2017-08-27,6,27,8,2017,val,46.81666666666666,6,3,24,102,2,47.0,0.0,18,12,0,14,0,0,1729,4369.655660485349
81494,1730,2017-08-28,0,28,8,2017,val,46.4,6,3,24,102,2,47.0,0.0,18,12,0,14,0,0,1730,3309.9630748594404
81495,1731,2017-08-29,1,29,8,2017,val,46.46,6,3,24,102,2,47.0,0.0,18,12,0,14,0,0,1731,3260.117189089714
81496,1732,2017-08-30,2,30,8,2017,val,45.96,6,3,24,102,2,47.0,0.0,18,12,0,14,0,0,1732,3362.426410824764
81497,1733,2017-08-31,3,31,8,2017,val,47.26,6,3,24,102,2,47.0,0.0,18,12,0,14,0,0,1733,3293.2867865080066
83216,1718,2017-08-16,2,16,8,2017,val,46.8,6,3,24,102,2,48.0,0.0,18,12,0,14,0,0,1718,2419.948875616844
83217,1719,2017-08-17,3,17,8,2017,val,47.07,6,3,24,102,2,48.0,0.0,18,12,0,14,0,0,1719,2429.917300813694
83218,1720,2017-08-18,4,18,8,2017,val,48.59,6,3,24,102,2,48.0,0.0,18,12,0,14,0,0,1720,2554.4677563948994
83219,1721,2017-08-19,5,19,8,2017,val,48.190000000000005,6,3,24,102,2,48.0,0.0,18,12,0,14,0,0,1721,3690.6805453805455
83220,1722,2017-08-20,6,20,8,2017,val,47.79,6,3,24,102,2,48.0,0.0,18,12,0,14,0,0,1722,4034.019267429194
83221,1723,2017-08-21,0,21,8,2017,val,47.39,6,3,24,102,2,48.0,0.0,18,12,0,14,0,0,1723,2449.8882953101274
83222,1724,2017-08-22,1,22,8,2017,val,47.65,6,3,24,102,2,48.0,0.0,18,12,0,14,0,0,1724,2380.9722365734006
83223,1725,2017-08-23,2,23,8,2017,val,48.45,6,3,24,102,2,48.0,0.0,18,12,0,14,0,0,1725,2392.0497140508787
83224,1726,2017-08-24,3,24,8,2017,val,47.24,3,0,0,17,0,48.0,0.0,18,12,0,14,0,0,1726,2403.2526797081064
83225,1727,2017-08-25,4,25,8,2017,val,47.65,6,3,24,102,2,48.0,0.0,18,12,0,14,0,0,1727,2510.4643473039905
83226,1728,2017-08-26,5,26,8,2017,val,47.23333333333333,6,3,24,102,2,48.0,0.0,18,12,0,14,0,0,1728,3671.2162596662592
83227,1729,2017-08-27,6,27,8,2017,val,46.81666666666666,6,3,24,102,2,48.0,0.0,18,12,0,14,0,0,1729,4003.519267429194
83228,1730,2017-08-28,0,28,8,2017,val,46.4,6,3,24,102,2,48.0,0.0,18,12,0,14,0,0,1730,2449.8882953101274
83229,1731,2017-08-29,1,29,8,2017,val,46.46,6,3,24,102,2,48.0,0.0,18,12,0,14,0,0,1731,2367.0131179293335
83230,1732,2017-08-30,2,30,8,2017,val,45.96,6,3,24,102,2,48.0,0.0,18,12,0,14,0,0,1732,2378.0905954068103
83231,1733,2017-08-31,3,31,8,2017,val,47.26,6,3,24,102,2,48.0,0.0,18,12,0,14,0,0,1733,2376.085107560183
84950,1718,2017-08-16,2,16,8,2017,val,46.8,6,3,24,102,2,49.0,0.0,18,12,0,11,0,0,1718,2522.5611049333497
84951,1719,2017-08-17,3,17,8,2017,val,47.07,6,3,24,102,2,49.0,0.0,18,12,0,11,0,0,1719,2477.644205434381
84952,1720,2017-08-18,4,18,8,2017,val,48.59,6,3,24,102,2,49.0,0.0,18,12,0,11,0,0,1720,2931.2365329008794
84953,1721,2017-08-19,5,19,8,2017,val,48.190000000000005,6,3,24,102,2,49.0,0.0,18,12,0,11,0,0,1721,3556.0031964285713
84954,1722,2017-08-20,6,20,8,2017,val,47.79,6,3,24,102,2,49.0,0.0,18,12,0,11,0,0,1722,3143.1192871418966
84955,1723,2017-08-21,0,21,8,2017,val,47.39,6,3,24,102,2,49.0,0.0,18,12,0,11,0,0,1723,2580.0903702162077
84956,1724,2017-08-22,1,22,8,2017,val,47.65,6,3,24,102,2,49.0,0.0,18,12,0,11,0,0,1724,2418.540522164628
84957,1725,2017-08-23,2,23,8,2017,val,48.45,6,3,24,102,2,49.0,0.0,18,12,0,11,0,0,1725,2494.776371938813
84958,1726,2017-08-24,3,24,8,2017,val,47.24,3,0,0,17,0,49.0,0.0,18,12,0,11,0,0,1726,2445.6797384317656
84959,1727,2017-08-25,4,25,8,2017,val,47.65,6,3,24,102,2,49.0,0.0,18,12,0,11,0,0,1727,2901.661532900879
84960,1728,2017-08-26,5,26,8,2017,val,47.23333333333333,6,3,24,102,2,49.0,0.0,18,12,0,11,0,0,1728,3574.511620670995
84961,1729,2017-08-27,6,27,8,2017,val,46.81666666666666,6,3,24,102,2,49.0,0.0,18,12,0,11,0,0,1729,3170.825239522849
84962,1730,2017-08-28,0,28,8,2017,val,46.4,6,3,24,102,2,49.0,0.0,18,12,0,11,0,0,1730,2566.70251307335
84963,1731,2017-08-29,1,29,8,2017,val,46.46,6,3,24,102,2,49.0,0.0,18,12,0,11,0,0,1731,2418.540522164628
84964,1732,2017-08-30,2,30,8,2017,val,45.96,6,3,24,102,2,49.0,0.0,18,12,0,11,0,0,1732,2494.776371938813
84965,1733,2017-08-31,3,31,8,2017,val,47.26,6,3,24,102,2,49.0,0.0,18,12,0,11,0,0,1733,2437.8855593963663
86684,1718,2017-08-16,2,16,8,2017,val,46.8,6,3,24,102,2,50.0,0.0,0,15,0,14,0,0,1718,2024.5161980307116
86685,1719,2017-08-17,3,17,8,2017,val,47.07,6,3,24,102,2,50.0,0.0,0,15,0,14,0,0,1719,2015.7412196010307
86686,1720,2017-08-18,4,18,8,2017,val,48.59,6,3,24,102,2,50.0,0.0,0,15,0,14,0,0,1720,2351.8255195681513
86687,1721,2017-08-19,5,19,8,2017,val,48.190000000000005,6,3,24,102,2,50.0,0.0,0,15,0,14,0,0,1721,3379.9837249878024
86688,1722,2017-08-20,6,20,8,2017,val,47.79,6,3,24,102,2,50.0,0.0,0,15,0,14,0,0,1722,2993.6698786986594
86689,1723,2017-08-21,0,21,8,2017,val,47.39,6,3,24,102,2,50.0,0.0,0,15,0,14,0,0,1723,2024.5161980307116
86690,1724,2017-08-22,1,22,8,2017,val,47.65,6,3,24,102,2,50.0,0.0,0,15,0,14,0,0,1724,2024.5161980307116
86691,1725,2017-08-23,2,23,8,2017,val,48.45,6,3,24,102,2,50.0,0.0,0,15,0,14,0,0,1725,2047.2035398028631
86692,1726,2017-08-24,3,24,8,2017,val,47.24,3,0,0,17,0,50.0,0.0,0,15,0,14,0,1,1726,2066.3020503338694
86693,1727,2017-08-25,4,25,8,2017,val,47.65,6,3,24,102,2,50.0,0.0,0,15,0,14,0,0,1727,2249.2441491841487
86694,1728,2017-08-26,5,26,8,2017,val,47.23333333333333,6,3,24,102,2,50.0,0.0,0,15,0,14,0,0,1728,3365.903058321135
86695,1729,2017-08-27,6,27,8,2017,val,46.81666666666666,6,3,24,102,2,50.0,0.0,0,15,0,14,0,0,1729,2993.6698786986594
86696,1730,2017-08-28,0,28,8,2017,val,46.4,6,3,24,102,2,50.0,0.0,0,15,0,14,0,0,1730,2008.0027248372378
86697,1731,2017-08-29,1,29,8,2017,val,46.46,6,3,24,102,2,50.0,0.0,0,15,0,14,0,0,1731,2008.0027248372378
86698,1732,2017-08-30,2,30,8,2017,val,45.96,6,3,24,102,2,50.0,0.0,0,15,0,14,0,0,1732,1996.0269672614806
86699,1733,2017-08-31,3,31,8,2017,val,47.26,6,3,24,102,2,50.0,0.0,0,15,0,14,0,0,1733,1987.2519888317997
88418,1718,2017-08-16,2,16,8,2017,val,46.8,6,3,24,102,2,51.0,0.0,8,6,0,17,0,0,1718,1688.7740550767041
88419,1719,2017-08-17,3,17,8,2017,val,47.07,6,3,24,102,2,51.0,0.0,8,6,0,17,0,0,1719,1514.1215520951107
88420,1720,2017-08-18,4,18,8,2017,val,48.59,6,3,24,102,2,51.0,0.0,8,6,0,17,0,0,1720,1988.065750915751
88421,1721,2017-08-19,5,19,8,2017,val,48.190000000000005,6,3,24,102,2,51.0,0.0,8,6,0,17,0,0,1721,2002.0534405975152
88422,1722,2017-08-20,6,20,8,2017,val,47.79,6,3,24,102,2,51.0,0.0,8,6,0,17,0,0,1722,2014.7212977403724
88423,1723,2017-08-21,0,21,8,2017,val,47.39,6,3,24,102,2,51.0,0.0,8,6,0,17,0,0,1723,1551.2535728291318
88424,1724,2017-08-22,1,22,8,2017,val,47.65,6,3,24,102,2,51.0,0.0,8,6,0,17,0,0,1724,1456.682232739652
88425,1725,2017-08-23,2,23,8,2017,val,48.45,6,3,24,102,2,51.0,0.0,8,6,0,17,0,0,1725,1686.8485422561912
88426,1726,2017-08-24,3,24,8,2017,val,47.24,3,0,0,17,0,51.0,0.0,8,6,0,17,0,0,1726,1529.1774954502307
88427,1727,2017-08-25,4,25,8,2017,val,47.65,6,3,24,102,2,51.0,0.0,8,6,0,17,0,0,1727,1967.565750915751
88428,1728,2017-08-26,5,26,8,2017,val,47.23333333333333,6,3,24,102,2,51.0,0.0,8,6,0,17,0,0,1728,1988.2388878555707
88429,1729,2017-08-27,6,27,8,2017,val,46.81666666666666,6,3,24,102,2,51.0,0.0,8,6,0,17,0,0,1729,1988.2388878555707
88430,1730,2017-08-28,0,28,8,2017,val,46.4,6,3,24,102,2,51.0,0.0,8,6,0,17,0,0,1730,1551.2535728291318
88431,1731,2017-08-29,1,29,8,2017,val,46.46,6,3,24,102,2,51.0,0.0,8,6,0,17,0,0,1731,1456.682232739652
88432,1732,2017-08-30,2,30,8,2017,val,45.96,6,3,24,102,2,51.0,0.0,8,6,0,17,0,0,1732,1675.183349512427
88433,1733,2017-08-31,3,31,8,2017,val,47.26,6,3,24,102,2,51.0,0.0,8,6,0,17,0,0,1733,1521.466299232737
90152,1718,2017-08-16,2,16,8,2017,val,46.8,6,3,24,102,2,52.0,0.0,14,10,0,11,0,0,1718,0.0
90153,1719,2017-08-17,3,17,8,2017,val,47.07,6,3,24,102,2,52.0,0.0,14,10,0,11,0,0,1719,0.0
90154,1720,2017-08-18,4,18,8,2017,val,48.59,6,3,24,102,2,52.0,0.0,14,10,0,11,0,0,1720,0.0
90155,1721,2017-08-19,5,19,8,2017,val,48.190000000000005,6,3,24,102,2,52.0,0.0,14,10,0,11,0,0,1721,0.0
90156,1722,2017-08-20,6,20,8,2017,val,47.79,6,3,24,102,2,52.0,0.0,14,10,0,11,0,0,1722,0.0
90157,1723,2017-08-21,0,21,8,2017,val,47.39,6,3,24,102,2,52.0,0.0,14,10,0,11,0,0,1723,0.0
90158,1724,2017-08-22,1,22,8,2017,val,47.65,6,3,24,102,2,52.0,0.0,14,10,0,11,0,0,1724,0.0
90159,1725,2017-08-23,2,23,8,2017,val,48.45,6,3,24,102,2,52.0,0.0,14,10,0,11,0,0,1725,0.0
90160,1726,2017-08-24,3,24,8,2017,val,47.24,3,0,0,17,0,52.0,0.0,14,10,0,11,0,0,1726,0.0
90161,1727,2017-08-25,4,25,8,2017,val,47.65,6,3,24,102,2,52.0,0.0,14,10,0,11,0,0,1727,0.0
90162,1728,2017-08-26,5,26,8,2017,val,47.23333333333333,6,3,24,102,2,52.0,0.0,14,10,0,11,0,0,1728,0.0
90163,1729,2017-08-27,6,27,8,2017,val,46.81666666666666,6,3,24,102,2,52.0,0.0,14,10,0,11,0,0,1729,0.0
90164,1730,2017-08-28,0,28,8,2017,val,46.4,6,3,24,102,2,52.0,0.0,14,10,0,11,0,0,1730,0.0
90165,1731,2017-08-29,1,29,8,2017,val,46.46,6,3,24,102,2,52.0,0.0,14,10,0,11,0,0,1731,0.0
90166,1732,2017-08-30,2,30,8,2017,val,45.96,6,3,24,102,2,52.0,0.0,14,10,0,11,0,0,1732,0.0
90167,1733,2017-08-31,3,31,8,2017,val,47.26,6,3,24,102,2,52.0,0.0,14,10,0,11,0,0,1733,0.0
91886,1718,2017-08-16,2,16,8,2017,val,46.8,6,3,24,102,2,53.0,0.0,14,10,3,13,0,0,1718,1318.6559139784947
91887,1719,2017-08-17,3,17,8,2017,val,47.07,6,3,24,102,2,53.0,0.0,14,10,3,13,0,0,1719,1318.6559139784947
91888,1720,2017-08-18,4,18,8,2017,val,48.59,6,3,24,102,2,53.0,0.0,14,10,3,13,0,0,1720,1318.6559139784947
91889,1721,2017-08-19,5,19,8,2017,val,48.190000000000005,6,3,24,102,2,53.0,0.0,14,10,3,13,0,0,1721,1514.9666666666667
91890,1722,2017-08-20,6,20,8,2017,val,47.79,6,3,24,102,2,53.0,0.0,14,10,3,13,0,0,1722,1519.4666666666667
91891,1723,2017-08-21,0,21,8,2017,val,47.39,6,3,24,102,2,53.0,0.0,14,10,3,13,0,0,1723,1318.6559139784947
91892,1724,2017-08-22,1,22,8,2017,val,47.65,6,3,24,102,2,53.0,0.0,14,10,3,13,0,0,1724,1245.1559139784945
91893,1725,2017-08-23,2,23,8,2017,val,48.45,6,3,24,102,2,53.0,0.0,14,10,3,13,0,0,1725,1245.1559139784945
91894,1726,2017-08-24,3,24,8,2017,val,47.24,3,0,0,17,0,53.0,0.0,14,10,3,13,0,0,1726,1196.6142857142856
91895,1727,2017-08-25,4,25,8,2017,val,47.65,6,3,24,102,2,53.0,0.0,14,10,3,13,0,0,1727,1265.3559139784945
91896,1728,2017-08-26,5,26,8,2017,val,47.23333333333333,6,3,24,102,2,53.0,0.0,14,10,3,13,0,0,1728,1514.9666666666667
91897,1729,2017-08-27,6,27,8,2017,val,46.81666666666666,6,3,24,102,2,53.0,0.0,14,10,3,13,0,0,1729,1519.4666666666667
91898,1730,2017-08-28,0,28,8,2017,val,46.4,6,3,24,102,2,53.0,0.0,14,10,3,13,0,0,1730,1232.989247311828
91899,1731,2017-08-29,1,29,8,2017,val,46.46,6,3,24,102,2,53.0,0.0,14,10,3,13,0,0,1731,1235.489247311828
91900,1732,2017-08-30,2,30,8,2017,val,45.96,6,3,24,102,2,53.0,0.0,14,10,3,13,0,0,1732,1381.689247311828
91901,1733,2017-08-31,3,31,8,2017,val,47.26,6,3,24,102,2,53.0,0.0,14,10,3,13,0,0,1733,1381.689247311828
93620,1718,2017-08-16,2,16,8,2017,val,46.8,6,3,24,102,2,54.0,0.0,5,10,2,3,0,0,1718,740.1258620891861
93621,1719,2017-08-17,3,17,8,2017,val,47.07,6,3,24,102,2,54.0,0.0,5,10,2,3,0,0,1719,740.1258620891861
93622,1720,2017-08-18,4,18,8,2017,val,48.59,6,3,24,102,2,54.0,0.0,5,10,2,3,0,0,1720,687.8724315147595
93623,1721,2017-08-19,5,19,8,2017,val,48.190000000000005,6,3,24,102,2,54.0,0.0,5,10,2,3,0,0,1721,960.9595215106146
93624,1722,2017-08-20,6,20,8,2017,val,47.79,6,3,24,102,2,54.0,0.0,5,10,2,3,0,0,1722,1105.813183570051
93625,1723,2017-08-21,0,21,8,2017,val,47.39,6,3,24,102,2,54.0,0.0,5,10,2,3,0,0,1723,839.7051468253692
93626,1724,2017-08-22,1,22,8,2017,val,47.65,6,3,24,102,2,54.0,0.0,5,10,2,3,0,0,1724,820.4622194053863
93627,1725,2017-08-23,2,23,8,2017,val,48.45,6,3,24,102,2,54.0,0.0,5,10,2,3,0,0,1725,740.1258620891861
93628,1726,2017-08-24,3,24,8,2017,val,47.24,3,0,0,17,0,54.0,0.0,5,10,2,3,0,0,1726,710.5204952120761
93629,1727,2017-08-25,4,25,8,2017,val,47.65,6,3,24,102,2,54.0,0.0,5,10,2,3,0,0,1727,687.8724315147595
93630,1728,2017-08-26,5,26,8,2017,val,47.23333333333333,6,3,24,102,2,54.0,0.0,5,10,2,3,0,0,1728,960.9595215106146
93631,1729,2017-08-27,6,27,8,2017,val,46.81666666666666,6,3,24,102,2,54.0,0.0,5,10,2,3,0,0,1729,1105.813183570051
93632,1730,2017-08-28,0,28,8,2017,val,46.4,6,3,24,102,2,54.0,0.0,5,10,2,3,0,0,1730,839.7051468253692
93633,1731,2017-08-29,1,29,8,2017,val,46.46,6,3,24,102,2,54.0,0.0,5,10,2,3,0,0,1731,813.2043877003754
93634,1732,2017-08-30,2,30,8,2017,val,45.96,6,3,24,102,2,54.0,0.0,5,10,2,3,0,0,1732,738.3896365959583
93635,1733,2017-08-31,3,31,8,2017,val,47.26,6,3,24,102,2,54.0,0.0,5,10,2,3,0,0,1733,738.3896365959583
